8.106027367369834646e-01 6.288284806128369153e-01
8.980738755767018189e-01 7.667024344725432705e-01
5.894460601495270513e-01 -3.408450046797739663e-01
1.943596312992184272e+00 2.589620341606380105e-01
1.336048475156362159e+00 -4.598916094180818814e-01
1.712441785366551616e-01 1.038290586198349574e+00
-5.152596292514295406e-01 5.767294673097731472e-01
-6.403914584454225567e-01 1.240024318170941608e+00
2.085173203424920185e+00 2.177103685077008688e-03
3.472460250711947305e-01 -5.509004752223356505e-01
-7.889792229786559696e-01 5.858870773088322714e-01
8.614590192005322500e-02 2.702695509168333565e-01
6.250291241959180510e-01 -6.075345285277804486e-01
-4.644731015355897386e-01 6.569076516662633036e-01
-3.121121071255648222e-02 3.697486299764722872e-01
7.963514952756792220e-02 -3.160791125372165444e-01
6.080275168432904831e-01 -3.729791455823047164e-01
1.807035886668826752e+00 3.069363572756547143e-01
-6.997592953482731915e-01 7.828294354563205548e-01
5.422315378356110660e-01 -4.650088551993407093e-01
1.352374179825743816e-02 7.407001783332121114e-01
7.595117151380509357e-01 -4.491019595778594775e-01
5.261668124217182552e-01 -6.527004253793008415e-01
-3.491901367931474764e-01 9.414968670244924231e-01
7.947945130696040250e-01 -5.165360239084761940e-01
1.781240765561244999e+00 -1.360204738136812086e-01
-1.773059675532802082e-01 9.727919011928332083e-02
5.639277885456400741e-03 3.183273305930678365e-02
1.633083100250510400e+00 1.700219675007775266e-01
7.929563583898908696e-01 7.205354019522616227e-01
1.914343786267848957e+00 2.773111209250755382e-01
-7.770882870994820779e-01 7.675268967607959958e-01
8.252333962651503541e-01 -6.528967476678344539e-01
-5.704598101314277692e-01 6.149966937235422648e-01
-2.829785736130821516e-02 3.119554340427929673e-01
6.004510867508625616e-01 1.039719615949812326e+00
4.776908271339607714e-01 5.427697492886762731e-02
1.848225286714854310e+00 -1.820644581337066414e-01
-9.125342838311171212e-01 7.692681952747507657e-01
-6.300198844275347598e-01 5.520272725735214658e-01
-9.508561958924324209e-01 4.158609864668498801e-01
-1.168162989975689348e+00 1.253906796187603812e-01
-3.345222646839647873e-01 1.245086560774584239e+00
2.261815909511663281e-01 9.080942775298825875e-01
-8.230917525735003126e-01 5.355691936823392396e-01
2.326623169276000880e+00 6.668376266139552921e-02
9.837559547991118203e-01 6.357746767335969995e-01
-6.674341968619127430e-01 4.725567828507030721e-01
6.552625734559819337e-01 7.812438418608438351e-01
-1.274063597736764530e-02 4.651152856624666820e-01
1.938427005276642801e+00 -2.540343081629448108e-01
3.503781288112998160e-01 -2.995403350826847388e-01
2.167543192743277114e+00 2.197025967060343699e-01
8.820447963843538464e-01 3.223469233722017213e-01
-1.053871886556407400e+00 3.832851792838421479e-01
3.140470016657914698e-01 -7.594431685149817535e-03
5.016658496606125617e-01 -8.827294325367702754e-01
4.835863025802243920e-01 -4.851940526658004016e-01
-6.758577324850412182e-01 2.711854268113502719e-01
7.181062466176962866e-01 5.147880150332517779e-01
-8.021428788440316815e-01 2.991428385713567617e-01
1.468802034146214908e+00 1.819133003005106719e-01
1.913575275969948031e+00 6.913804973982085045e-03
-2.048115014235984965e-02 9.573961166312193738e-01
1.947386494484522057e+00 1.517686343198356713e-01
-7.357316798285307158e-01 6.872662578256065746e-01
-1.028601912320762146e+00 1.154382107696250714e-01
1.085863760189995864e+00 -9.145112881447259312e-02
5.704727184370705917e-02 -5.622277111750190182e-01
7.379919477362488767e-01 -5.081742450979144232e-01
-2.834164478199180381e-01 1.136975336533133429e+00
1.443285839669621318e-01 2.937581374277858925e-01
1.062517797028164512e+00 -2.439301091623299889e-02
-9.156736994205727509e-01 8.726020436259369628e-01
7.855745143691509336e-01 6.538473070189882996e-01
-7.601358800645150460e-01 1.260652797261388791e+00
2.502324907425295675e-01 -4.555342629893729400e-01
6.914096585162728958e-01 7.924433788014988433e-01
8.376635535555254641e-01 -5.547063108740872828e-01
1.122073718580024471e+00 -6.247097450720600076e-01
1.488810236720758073e+00 -1.156425817751555452e-01
9.469640360311621929e-01 -1.401648369607826905e-01
-5.553521993452202876e-01 8.115118901247523331e-01
1.906420275537515696e+00 4.390717847403658447e-01
7.396382770761077419e-01 6.884009611440540244e-01
2.944158338007383802e-01 6.621290316454995217e-01
7.495181265227414125e-01 -7.157986687061399511e-01
1.914938159256456718e+00 -1.195954206157390232e-01
1.799551627792522090e+00 3.614610603804770950e-01
1.053799468515761228e+00 -4.601501972428593268e-01
1.189811586654940134e+00 -3.950541658253223787e-01
-9.763778214807729006e-01 3.754947262889069548e-01
1.717895367319621780e-02 -3.173739682365659953e-01
-3.901480560287379218e-02 3.807611642278905251e-01
1.225549018876451068e+00 -4.330153912181898268e-01
1.861001529818542277e-01 -9.571301683297736562e-02
1.091307983833744277e+00 7.571895834943684900e-01
1.493821759802077542e-01 -9.992341708228824615e-02
-2.727939932729780970e-02 -1.135968465004700556e-01
2.399317864579827431e-01 -1.866891509333329369e-01
1.152314207296127657e+00 1.512177471371737025e-01
-4.176698035984986734e-02 1.036052777894198806e+00
3.250611620771468591e-01 -2.359373762413848608e-01
-1.205245974787898966e+00 1.148263848066494841e+00
-1.148566247784805761e+00 -1.814425022133993592e-01
-9.519024834741803831e-01 5.632730850511046272e-01
1.003108408982403554e-01 -1.397167961016427817e-01
1.165756663909610857e+00 1.501057844251723061e-01
8.401580099540969515e-01 -5.140058179048355713e-01
9.211385783267722616e-01 -2.039032029276791613e-01
1.510507404585360813e+00 -2.543541016390011844e-01
2.629413333230751215e-01 9.564991445573362006e-01
1.460379661960066411e+00 -1.616103471648360490e-01
8.955513927077722869e-01 -4.828038199219927828e-01
-4.749947314311981916e-01 7.482958312119255551e-01
1.783109286262174464e-02 1.108923727566372364e+00
2.537205764939909347e-02 7.274294504023046115e-02
7.190947886007342804e-01 5.680898214780122357e-01
-5.594069049734311516e-01 5.647530144399055541e-01
9.810497130148836398e-01 5.107886194999142759e-01
3.506004590053825032e-01 -5.602378649610006978e-01
1.431267021259823302e+00 -2.011299822026002548e-02
1.714531473644120840e+00 -9.670071941900044987e-02
6.383187928733043970e-01 4.962828493113272676e-01
2.003462610151550138e-01 -1.280453940910924737e-01
-1.750838949968773761e-01 -2.800538292553063635e-01
1.280504554757937896e+00 -5.580309808589520859e-01
8.788638117028074737e-01 6.790355673444009588e-01
-8.652629876301424217e-01 6.146349086090772129e-01
7.105499116051954278e-01 7.806515527972404112e-01
-3.596716341274294737e-02 2.811549752621107512e-01
5.449370365393344517e-01 -6.662646229102586748e-01
8.889286421366748847e-01 5.049793497062774472e-01
1.442592913039063562e+00 -1.484439488263294971e-01
2.493994453805396250e-01 -5.149841201306070149e-01
1.346772503276236321e+00 -2.223332542143714174e-01
2.048548298676482915e+00 -5.708078297302945359e-01
9.298794094666845700e-02 8.799582330163209232e-01
1.549821672669801087e-01 3.016830166434462113e-01
2.008969449806106145e-01 8.793505770479269623e-01
7.226875642392582844e-02 9.463467620891656829e-01
1.576944687969643821e+00 -4.209087079276712107e-01
-2.114544587161157896e-01 1.373133305743459154e+00
8.384836997804049341e-01 -8.464416787637850659e-01
1.097976801723110407e+00 -2.802127314121417578e-01
-2.805539213867110915e-01 9.546786621321213806e-01
1.794927264066137562e+00 -3.002048269094573785e-01
7.270024376507396857e-01 3.931427089194143298e-01
-4.470934628717088688e-01 6.846565418902369471e-01
1.697313142046525281e+00 5.898546852940589336e-02
1.030765856343841547e+00 -3.064007625841952409e-01
3.381362039508225559e-01 -4.970280611289450839e-02
1.626618881910427916e+00 -1.984216328296306009e-01
-1.379238168549074550e-01 7.146579689299246141e-01
1.862208358649384943e+00 -4.027695735324023085e-02
1.851230800250147635e+00 -6.753255420235941830e-01
4.807294142733947728e-01 6.724301037225691724e-01
2.237108338833103893e+00 7.738410034814496852e-02
7.180298530044120220e-01 3.933022469310201163e-01
-7.756879223842964854e-02 8.260011572186991557e-01
-7.076523607748901323e-01 1.039140426617187973e+00
3.809821787319773723e-01 6.980196476773272707e-01
-7.995067831180602269e-02 4.975204220511564301e-01
-4.182402297532333835e-03 -1.544203192483041276e-01
5.035512101379624461e-01 1.503503968581068051e-01
7.170043435733569614e-01 -5.966354615881763745e-01
1.636001090193905494e+00 -2.680851075644214432e-01
6.969049762267669479e-01 7.590944815285561864e-01
-5.769104661094387465e-01 7.567693800494573741e-01
2.155654752361782389e+00 6.042820190315951745e-01
-8.298869055517011928e-01 3.874667180215727869e-01
2.144538393889437344e+00 -5.781932946074164192e-01
7.040482388125434143e-01 6.231407134277551219e-01
6.422690888465368841e-01 1.006016180831826645e+00
6.185726518746380298e-02 1.211442512098815094e-01
1.230847691190550597e+00 -8.509931489362774215e-01
9.014411150899299674e-01 2.239099534478189713e-01
1.189502980058736670e+00 -1.144525071522830006e-01
-1.083230774733553670e+00 -9.120487876761002033e-02
1.298624483157576615e+00 -1.036034066695278033e-01
2.506712275277418467e-01 -1.920333321371027746e-01
1.585667042925374970e-01 7.777391267824024235e-02
-7.064880654568088669e-01 6.591293770700995536e-02
9.712829565864165016e-01 1.869225231708097346e-01
9.706376301467342649e-02 -2.284397656599632120e-02
1.425188523211446068e+00 -9.282502545445861508e-02
-5.498237888418630037e-01 7.590313619646285037e-01
1.011227340255708596e+00 -5.712174665546833063e-01
-5.720431212589626169e-01 1.072499761845877586e+00
2.173386947313684203e+00 2.876138486055949683e-01
1.001481939782369324e+00 -5.246243484163449766e-01
6.356542278890399134e-01 7.005134717342818007e-01
-1.010213412293210045e+00 5.869637807627625659e-01
2.770304969359620451e-01 1.223703127010828395e-01
-9.946281028569949889e-01 7.218765188646943942e-01
3.351379120790431987e-01 -2.374811180984586628e-02
4.615925917024641389e-01 -8.001529283802600867e-01
8.712288369241094621e-01 -3.965709643490021863e-01
6.557453110834846610e-01 7.135016669636257136e-01
2.084126668777723790e-01 7.380479606145330385e-01
6.233108148561031792e-01 9.572271676301056242e-01
4.428241081206280572e-01 -4.728815387255000946e-01
-6.247585115072844253e-02 2.857387732323971585e-01
2.103197713517644729e+00 -1.884545969465762361e-01
1.022108628611317682e+00 3.781759493094789537e-01
1.339675388040260096e+00 -2.080640283867690177e-01
1.662685091681107785e+00 -5.677308706175074882e-01
-4.848521960984911727e-01 4.088204394841273848e-01
5.099052883477233067e-01 7.897503720739651456e-01
3.907543349685202450e-01 -1.522802547655451588e-01
-8.364037313720079636e-02 9.791137304729737867e-01
1.682201620495201499e+00 -1.007285997884058426e-01
1.459321883774079787e+00 -2.230528660245915118e-01
8.846233552850375492e-01 9.072328408830806490e-01
-6.030367616073595283e-01 4.848620175101144292e-01
8.243220387355644219e-01 -2.516888108454755080e-01
6.777536016763552329e-01 -1.283111263293687521e-01
5.660744988287770285e-01 1.180035972933740851e+00
-1.057845129423703900e+00 1.315325156753241465e-02
1.219112054665067557e+00 -3.209136817466553548e-01
9.777279587197974520e-01 8.622721732837684838e-02
-5.950910466560161982e-01 9.414129482625126499e-01
6.272902847655343894e-01 -4.346561051011402776e-01
-7.150970102927600713e-01 7.131448431353252237e-01
1.715821685449698153e+00 -2.114281893477470975e-01
1.762039546092713627e+00 3.483606495722288976e-01
-1.175085084152698522e+00 -3.393420829204432665e-02
5.937486519920227579e-01 1.356841497937584518e-02
-1.575699788059644890e-01 5.522215566006517529e-01
5.734106066566990734e-01 7.774117902422542636e-01
8.886325121776146307e-01 9.956132514724482796e-01
-1.222449601287706189e-02 -3.960939903014213948e-01
4.003833696178498158e-01 3.549421786612741991e-01
-2.313794926507522220e-01 8.597009539731927941e-01
-7.827122036746602118e-01 7.868414625862829581e-01
4.050045925051705131e-01 -4.264030626200124297e-02
4.395156154981999519e-01 -1.528748529444859672e-01
-1.919378168394921813e-01 1.162284448829909778e+00
6.244940329245979305e-02 9.880779891485355071e-01
1.198537607345699696e+00 -1.714842524373261234e-03
3.530588521404758873e-01 1.950093879291631138e-02
-3.070818509545932273e-01 1.173418420857708089e+00
3.740633409864090320e-01 1.098021399928004183e+00
4.415820609288242382e-01 -4.542794154922041860e-02
1.535741171625258694e+00 -7.883512132003041017e-01
2.000843295903279362e+00 5.181677449637716038e-01
1.791705194462176687e+00 -1.422938234662163015e-01
1.969578254381438853e+00 7.633099606950923821e-01
1.345778128144230479e+00 -3.730223260715490596e-01
1.246356342320889432e+00 5.797802822121181920e-01
-7.188359242939579286e-01 6.483010673039517613e-01
6.807802782506883199e-01 -2.956183944880304004e-01
-3.678666629034551550e-01 7.673364508150184449e-01
1.946790959297646229e-01 4.549983733201541369e-01
1.397297180401776195e+00 -6.269298351506739087e-01
-6.855653611241452339e-01 7.796022513603972914e-01
1.158014292803310197e-01 -2.582956866925396888e-02
1.553516832885128540e+00 2.055353472840177331e-01
1.889823323085338957e-01 -8.632894054423496666e-01
8.472220519420810003e-01 -6.282872242522158368e-01
-4.113215114412241968e-01 6.946121555293314209e-01
-9.170828459051244552e-02 1.252049417626272643e+00
1.119335952538228041e+00 8.373144128250208373e-01
1.823247763098188479e+00 6.505145703759713793e-01
2.963216747321555933e-01 8.094046012445810234e-01
-7.986227857818416487e-01 7.970729888898053783e-01
-1.109347634903306012e+00 3.816236846623487500e-01
1.581954984436678979e-01 1.138847451687150958e+00
1.899938574093924082e+00 -3.784554723341182481e-01
-2.436014420046124784e-01 7.543896355391416231e-01
7.758585563201868540e-01 1.928438900081230201e-01
1.797006857451513673e+00 3.159655726892203198e-01
2.124905677313718155e-01 -2.341286303699281479e-01
8.757992775816691999e-01 -7.442634076200651538e-01
1.256100755174681671e+00 -7.866098099584121206e-01
9.332894860621996358e-01 8.332571596261686420e-01
6.912194822634287750e-01 9.601642821632214719e-01
2.476675964260165175e-01 2.210232083359497945e-01
-9.873090941881557114e-01 -1.435355884218890710e-01
5.182829836323844530e-01 6.413754774413622517e-01
-1.912188456050781804e-01 1.113376178662503380e+00
-1.611314116076617009e-01 1.491549869371656123e-01
1.838682491845665901e+00 -1.055113096650083238e-01
7.713416689115532021e-01 5.236720936129426462e-01
1.180393518235560574e-01 5.018552770622707326e-01
4.694989097987522370e-02 6.172334752692992810e-01
-1.072950408336452055e+00 2.240471339339152046e-02
4.897591689328375519e-01 9.480160137159214795e-01
2.014481758720542359e+00 1.027012617374675196e+00
1.883679640547675893e+00 3.372775483093347626e-01
1.202770039506944055e+00 2.522631363719728959e-01
-1.428736929691035717e-01 9.519089581000600431e-01
-3.334392512461064606e-01 7.085379179845570086e-01
-6.654281961646000276e-01 5.405972000419657642e-01
-3.292559349808212299e-01 4.298504342018191204e-01
1.919622422005740958e+00 8.170788034125947563e-02
8.407804500837339212e-01 4.375313996681809425e-01
-1.055277397402399342e-01 9.685605123510896419e-01
7.066731382781972215e-01 -4.589107311992720040e-01
6.371390246583623629e-01 -2.531961207075986708e-01
2.351805270733323475e-02 1.965075670907288630e-01
-4.947552288011118904e-01 2.845832857361526580e-01
1.811450930734110010e+00 -3.642293138569628608e-02
-1.962802786962706825e-01 1.557278983166180630e+00
1.223311326230176244e+00 -5.751194513235626804e-01
-9.250967633273656787e-01 6.371561142239138276e-01
7.658893125185148865e-01 8.623797090088363149e-01
-8.284325333725699458e-01 4.183754509618672346e-01
1.046787053570251702e+00 -5.389941211782797170e-01
5.157178324082325460e-01 6.377785503126293110e-02
-7.557437539145672734e-01 6.497524070628069026e-01
7.620827669526726300e-01 1.002022338307504201e+00
8.564447053692624268e-01 8.787465634569101569e-01
1.142906591944605976e+00 -3.625695971758619018e-01
-2.008326461890135028e-01 5.808548956638035499e-01
1.345018840180659314e+00 -1.362400060717833816e-01
-1.098528771211683130e+00 7.258469344236597731e-01
7.157501651147536448e-01 -3.194943322597910695e-01
1.375752086940525976e+00 -6.274131894396554054e-01
7.728128867704966987e-02 5.140518941286901233e-01
-8.333159461397048329e-01 6.183708578618871687e-01
1.113992766303691484e+00 -3.356031785745066109e-01
1.949932148259871711e+00 6.990999770721622042e-01
1.017303909419448482e+00 -7.450396803631537113e-01
4.386645337332396033e-01 -3.024676937256592923e-01
8.264845516075753906e-01 3.970057814606472446e-01
1.141704838818665912e+00 3.060493149310574562e-02
1.980595539223832802e+00 5.826540443246722156e-03
-1.132234452975543482e+00 2.337918471609843896e-01
2.025650030653172173e+00 2.879438495385583385e-01
7.004987309610660740e-01 4.376218253466069297e-01
-1.103846844968815466e+00 4.066351903188384909e-01
1.230135071352329135e+00 -3.984116068577939207e-01
-2.211977658127373403e-01 7.776057953858637184e-01
4.451356857779437681e-01 8.734143475937244938e-01
2.184586204821631128e+00 -3.684123149162884525e-01
-1.167490318886620804e+00 5.239394180073910778e-01
4.032639038471413917e-01 2.408894783130060002e-01
2.093353253869558284e+00 1.816658329600781552e-01
-3.990319544414322461e-02 -1.888723129184158300e-02
7.558480750362278622e-01 -3.789696886913540563e-01
7.406336073983634805e-01 -3.993806578545974761e-01
1.156210491316523647e+00 -6.292897161856816357e-01
-5.578606526108469410e-01 6.343464317039767542e-01
1.708142829019387410e+00 5.543875976760270774e-02
1.779319200366377807e+00 4.135878495174819536e-01
1.338064071871350791e+00 -1.252767178056112263e-01
9.560508880677109911e-01 3.913232669446385370e-01
8.086830625989659405e-01 -5.634196431765171598e-01
8.870401232399818259e-01 -5.485321777235379059e-01
-7.966623241483009599e-01 3.545560854736768963e-01
1.715074309538826558e-01 6.777038978791333212e-02
1.795765092365858351e+00 4.847402015513974649e-01
1.198837792654418921e+00 3.506766150103255431e-01
1.531856883160773508e+00 -1.996079428976164916e-01
3.812830116903193761e-02 4.199869344310704911e-01
9.348494619559203356e-01 7.267933153425423232e-01
1.878680934480175257e-01 1.272328797393362132e+00
5.988847544720643512e-01 8.996532581917786597e-01
8.387035524972498157e-01 -2.430655753789076612e-01
-6.637422391844116643e-01 8.602712529974856359e-01
1.701911921423920893e+00 -5.735577925963195045e-02
4.186796087144236123e-01 1.118485635722024085e+00
-8.343561165998618634e-01 3.128252874096506542e-01
7.937965776620458103e-01 1.342902660089676514e-01
8.914297194523959078e-01 -3.685404009326057606e-01
5.980366128263020498e-01 -1.015009956629890353e-01
1.327017493317320662e+00 -3.212027020826419554e-01
-1.041604634821725828e+00 6.286444981636454266e-01
1.377414803722035286e+00 -4.550789357084221720e-01
6.678544278240750032e-01 2.618331149705668826e-02
8.028275527305887005e-01 1.649197775474909589e-01
1.177998504407371527e+00 -1.984256415178052846e-01
1.348610449121488752e+00 -2.591448044833677411e-01
-1.051295748512646178e+00 7.794317840049345136e-01
1.010811754580272837e+00 8.960413374210478565e-01
-3.378969867267803684e-01 5.318177066872613601e-01
7.332793370753620810e-01 -3.178984039415085894e-01
1.303008396639889099e+00 -3.863159556614390588e-01
-1.822997707657453281e-01 6.275094476955060951e-01
5.362649537440952185e-01 5.831539939578396226e-01
8.191322908997191732e-01 3.280764308554173780e-01
-7.101057833907856720e-01 1.703750169003237225e-01
3.450878434448368948e-01 9.637731577534314198e-01
2.715862901277040775e-01 -3.564919400164511254e-01
1.589074013098514593e+00 -1.914785297319616664e-01
9.315921531458405402e-01 3.422809679712982556e-01
-6.079229141832399597e-01 8.405399638220468761e-01
1.887251687836767611e-01 -1.816343129668251954e-01
1.047886763328447879e+00 -2.203016275460734641e-01
5.547897539703878778e-01 5.488461849620416277e-01
3.270478845028734760e-02 4.682610250494375626e-01
-3.158482034552723139e-02 1.148819773403880307e+00
5.744033699648424252e-01 1.037917506236969434e-01
-1.241063484631463598e-01 -8.318022808583025451e-02
-4.436374972567342923e-01 6.296698385678409782e-01
1.245227897402532369e+00 -3.406462790481972758e-01
7.539183874568541333e-01 1.000580314036801921e-01
1.958975988656200595e+00 5.536375282650694007e-01
1.260794022853104282e-02 6.078468700489048082e-01
5.258231913189230777e-01 9.083756793194793788e-01
1.950317999173279304e+00 4.417451330796085540e-01
1.186145594556464733e+00 1.001977846552857265e-01
-6.972690864941932798e-01 7.389968780601131604e-01
9.618280008631905353e-01 9.071021549657956040e-01
5.029856806802999181e-01 7.613841824320847218e-01
-3.234280734955798930e-01 9.474110635986551232e-01
-8.427155278593925214e-01 8.426969448316451450e-01
1.630460465214538468e+00 -5.172585008090710423e-02
2.416990331019149840e-01 6.555569817917387132e-01
1.106102163323854498e-01 2.474624979067503172e-01
1.517525908811083957e+00 -4.538752401930488678e-01
-6.938474775771570346e-01 7.296793730213623208e-01
3.359189727345122944e-02 1.331273619192874680e+00
-2.020436430457134280e-01 6.047286169890828678e-01
9.671941003202466636e-02 1.068075759607153064e+00
1.142540092958419073e+00 1.883949828281029359e-01
-5.870607649935364325e-01 3.114405128263385558e-01
-7.705963516932536894e-01 7.467037809345821175e-01
1.260903663975315725e-01 6.649227979041145709e-01
-1.056409410903444424e-01 1.084062798383229387e+00
1.787925977855196358e+00 -1.429093519358710651e-01
6.919544559934136529e-01 8.010809391090425446e-01
-1.128666928706041350e-01 8.831820498909483952e-01
2.079214282438481831e-01 -1.704534208588182054e-03
-9.416193443083848980e-01 -1.979925573145461803e-01
1.507405566411581965e+00 -4.390136993286392064e-01
5.400481663596210513e-01 1.304688848324790040e+00
1.051710025769789114e+00 6.722859684201532016e-01
1.958704114680675845e+00 1.284166642146246096e-01
-8.534855384660920974e-01 3.270385423075167775e-01
8.790607488764320410e-01 2.495835288215269426e-02
-1.010273632859957971e+00 1.112955733655853763e+00
7.704086485387904304e-01 3.609278542351588848e-01
-1.008308303691847430e+00 9.881454168079812916e-01
1.194552134499290652e+00 2.825748905887340290e-01
4.103322798650140824e-01 -5.001551910373038812e-01
8.483157034791787288e-01 -6.715395047155869879e-01
7.917925916025567723e-01 1.248746049106562950e+00
1.226394125825755577e+00 -4.326994106751904656e-01
4.439737825984636094e-02 4.185003925532691516e-01
7.903192173845106083e-01 4.220359162647748796e-01
-6.360493538151686943e-01 1.687978061728371282e-01
-6.924924302791848341e-01 6.853812826583196571e-01
2.003278710830523224e+00 4.269304284569210850e-01
3.811200992661767373e-01 4.167783023774020990e-01
-1.649199373150287418e-01 4.722300239905941610e-01
4.633699908423070946e-02 8.363881944341101660e-01
1.862691258400143157e+00 -1.939575892977565830e-01
7.920914484974228564e-01 1.310830215007058985e+00
7.674659841049953635e-02 7.497860194946879275e-01
8.721478319624721420e-01 1.076420014298545558e-01
4.933977011797142653e-01 1.060223524629888697e-01
-8.882162993674598273e-01 5.838622771561072788e-01
1.553091006195685075e+00 -4.555650374384927481e-01
2.343953662249893266e-01 3.336932887872539055e-01
8.422267354717500876e-01 9.862204751455707630e-01
1.090390037874909623e+00 7.075210908149405231e-01
6.182863283230443097e-01 5.550180799979704815e-01
8.612223516403617607e-01 9.034113944067222457e-01
-9.345148761165487095e-01 1.625159098510590427e-01
2.121578480806566525e+00 -5.592525098281486695e-02
-4.838671741509447677e-01 8.970037515762440128e-01
1.716694170823976628e-01 1.215241736099215819e+00
1.888685056251568017e+00 -5.358584298312517591e-01
-2.822932144109859820e-01 1.085689907356641726e+00
-1.439376466356870332e-02 9.692480937678031871e-01
1.007785815245637817e+00 2.019182749953751521e-01
9.809829240354810409e-01 7.828790337661557519e-01
8.244721966601527008e-01 -5.606002160759333552e-01
7.767448443696199911e-01 -7.189147521776151351e-01
-5.336202370729690170e-01 9.407177108845016233e-01
2.118788778119517602e+00 8.962265345633133040e-02
-3.112850507886654183e-01 3.823588886218688976e-01
1.849138866871198106e+00 2.206240324034021982e-01
-1.085591783572627200e+00 3.845379106764696964e-01
-6.938727126991719452e-01 9.884672021559085531e-01
6.796719532262093244e-01 8.777663501192902729e-01
5.697312214213805515e-01 1.126316252273985019e-01
-6.361221146074086397e-02 1.383281122172506761e+00
7.823987345922847059e-01 4.999155751951378512e-01
-1.445110856477150874e+00 -2.321465818023985273e-01
6.967882720990230538e-01 7.266202271109454269e-01
6.698814770489660564e-01 -6.534383782572689148e-01
5.830345879838645384e-01 -3.560676335420170924e-01
-6.620316406844890533e-01 6.580256518142493238e-01
8.185158611844245424e-01 1.028296057312891865e+00
-4.169334974543729977e-02 1.012010948667692034e+00
-1.089037490345879489e+00 2.194763107141229908e-01
7.450859034399323066e-01 2.851325769081081152e-01
1.152823695321939734e+00 -3.866894996418221986e-01
1.307508007548811690e+00 2.013641208977919594e-01
1.729546684373906018e+00 2.743841768462040864e-03
-3.275052296904109594e-01 1.189155813256714600e+00
-2.522646571723584641e-01 1.061940874925393796e+00
-2.188174998027929974e-01 9.554165592730190504e-01
1.530035127566716335e+00 -3.200797360126137470e-01
3.721300441381665269e-01 7.301297143750513641e-01
-5.954708157649871714e-01 8.493015843288826972e-01
1.964072848337838018e+00 -2.236136324526635244e-01
1.921482229944887710e+00 -2.133731127037508390e-01
-5.572505881875849942e-01 7.214868632569020335e-01
-7.966470390632705845e-02 3.302839096771579830e-01
1.164465106995869803e+00 -2.752078529930148676e-01
8.405177297652993706e-01 -1.541100758661662073e-01
-5.615279689642853622e-01 8.742633889474267228e-01
9.316429317774241881e-01 -9.975537240576616282e-01
4.727006138279911396e-02 1.750159660501848236e-01
7.098841169088132563e-01 2.293482172081503512e-01
6.666703156458910762e-01 8.320381406175351158e-01
1.867177111015309698e+00 1.639529380449314400e-01
2.055727417674102053e+00 3.032392795157351495e-01
1.580592921774612858e-01 -5.801588911455276554e-01
1.876409347900770852e+00 2.524125864888226989e-01
-1.256033764196842206e+00 8.388917159816992042e-01
7.586590343202193054e-01 2.519452323630662627e-01
7.308376710837695134e-01 -4.386458311275596156e-01
1.285654283430328171e+00 -4.199654708326183705e-01
-4.325087123293325231e-01 1.594427724156271264e-01
1.496527967707049545e+00 -2.268504276408410125e-01
2.060434187959971020e+00 3.383147034797325259e-01
-4.650911486873803291e-01 6.132859667421947103e-02
2.070816830242449225e+00 1.182064399432265489e-01
2.819239619825750220e-01 -1.943060909319474228e-01
-1.074287078321381372e+00 2.768844107089004081e-01
1.314104725410452090e+00 5.427164675623485923e-04
3.541166391633756017e-01 -5.760810392456892082e-01
4.135902776167290074e-01 1.946693447079370642e-01
5.784016911030089858e-01 8.028496362606991621e-01
1.108218665769235667e+00 -5.209394796665418603e-01
2.118972711283511945e+00 2.276136395830217207e-01
9.280188454561254519e-01 5.068879940267116968e-01
-2.133533251219021099e-01 8.651757314109831398e-01
1.005452361650100546e+00 6.287974537315998980e-02
1.771730144516560079e+00 -2.443193903786981258e-01
-2.587700739304410469e-01 -2.576143776768049509e-01
-5.876737706252261884e-01 5.896240052741454907e-01
4.922055409498584111e-01 -4.017160815308760125e-01
7.479217692335209389e-01 -5.642228766301702336e-01
1.860662203774276824e+00 -1.453979408305339834e-03
2.078824015000498182e+00 7.344987987842456489e-02
1.056640517872253771e+00 -2.391385719508647978e-01
9.810045188327363164e-01 -7.954490982923015929e-01
1.348217410676189054e+00 -2.632744873653876105e-01
1.845978120928021493e+00 -5.442618497196419214e-02
-2.426356651570989176e-01 7.949038136425925494e-01
1.418253824689022849e-02 1.112716382631337320e+00
1.651818631019919215e+00 -5.077775582704686930e-02
6.936749306513029234e-01 6.802561937302696871e-01
4.712287880844729937e-01 9.484133372149970986e-01
3.669943426856031032e-01 -7.599183274268865862e-01
-5.245710651393981072e-01 1.068702138027239013e+00
-7.909442845791698762e-01 6.108504677746829925e-01
7.526105714755655651e-02 8.459856252523181297e-01
9.720705959769313509e-01 -3.215584994440171540e-01
1.476181935943205459e-01 8.721598650499210459e-01
1.394589237929193537e+00 -1.397103720012923822e-01
6.095909046151593014e-03 7.987211532002892467e-01
1.307908432356285733e+00 -3.888752593881173447e-01
-1.069552362207796481e+00 4.526597352101310312e-01
3.563298256299874400e-01 7.833235370152012988e-01
9.028666870236029540e-01 5.221390251244619751e-01
-6.327134360550397407e-02 1.830855188580952642e-01
1.567246387480803360e+00 -5.984160622094317761e-01
-7.468113017792415986e-01 4.738348527599560711e-01
-8.377080462315122933e-01 9.160822284699265960e-02
1.252375053448354647e+00 -3.971615182532912680e-01
9.348380393882235184e-01 1.977460183057612175e-01
6.551242402034307410e-02 5.933836742168964173e-01
1.005436155770889073e-02 1.133922539213756187e+00
1.983374602594099478e+00 -3.873387857757850106e-01
8.244362867322169164e-02 -2.479086804027577917e-01
1.298595191708521168e-01 2.724586771576540389e-01
2.190766629684826494e+00 1.983716913450478403e-01
-2.114459480823939197e-01 8.451744860036257689e-01
1.507585038150698886e-01 1.091941242613975849e+00
-4.294467823769845816e-02 8.778190602469745363e-01
1.967487771933538743e-01 1.590465364306854201e-01
-6.772075468266021137e-01 8.687914342201515927e-01
1.527756537771036927e+00 -3.751586150373864559e-01
6.266293478282137785e-01 8.054327000694323502e-01
2.277854058307141383e+00 3.030147601671755453e-01
-1.157125129843687539e+00 -7.653694223157372911e-02
2.603269959761372876e-02 -2.022398061209531306e-01
6.688351516212376335e-02 1.352148140447938296e+00
2.209941100326412222e+00 1.094678325615033865e-01
6.662985956843459068e-01 -2.625553654534430459e-01
6.925872407254063390e-05 1.120153388427125973e+00
-8.050231553647833049e-01 4.302665989665783314e-02
1.649352938402237068e-01 9.145333655654547256e-01
9.553388037377106290e-01 3.302184659238461273e-01
8.660302791728382577e-01 6.807137723157461462e-01
-1.139586473734714778e+00 1.446371706756930664e-01
9.304478406240865862e-01 -4.579471169152664611e-01
2.071096788778596931e+00 5.289243571057116178e-01
6.927059979433549675e-01 -6.155850133852229789e-01
9.280604859115395566e-01 -9.836413931626594165e-01
-9.465732415027544588e-01 9.727313038168847736e-01
1.668966158157429991e+00 3.388866659236285939e-01
9.955394986281633773e-01 -2.494802366155789430e-01
-9.823374523857022478e-01 6.604441618809446801e-01
-6.291248892086658273e-01 3.037957592232423676e-01
3.482262802610033847e-03 1.140509699808196720e+00
7.363350552083753886e-01 4.931785405826895063e-01
4.346942930627977209e-01 -1.962567456066516558e-01
-3.173784442105700987e-02 9.798429376744111075e-01
1.156057935095355926e+00 -7.947719218269311270e-01
7.542350900268669500e-01 -7.329734738151048035e-01
-5.369927823088223029e-01 2.268605916558444346e-01
-7.556671236019607552e-01 9.279647944023250439e-01
-3.198815066472000535e-01 6.167232866088780963e-01
9.531074189655486251e-01 -1.091576906339915443e+00
2.754847093052602003e-01 2.573947170032398479e-01
1.308484420969181772e-02 1.464509019837262893e-01
6.543053491535800736e-01 -5.980042599617166887e-01
9.899497542908070047e-01 -7.166660593401930068e-01
-2.730744794130520181e-01 -4.019081237397076345e-01
1.248642658224362600e+00 3.003754488314612781e-01
1.483757959604064425e+00 -5.826008611545286930e-01
1.621322562221305663e+00 1.625974104639885121e-01
1.334399059049185432e+00 -2.547184292435545339e-01
2.001233134031641936e-01 1.300822850128388275e+00
6.034027426050995180e-01 -7.507775252455752835e-01
9.970166245576235209e-01 7.383754427837829759e-01
-8.492081900983275977e-01 1.920839330013622837e-01
2.053747170555801027e+00 3.111772244787324171e-01
1.533340417372856868e+00 -3.693319818533885579e-01
2.228359906913395694e+00 -2.990771372077718482e-01
1.970606032363033666e+00 2.492158147346197894e-01
4.923768505099924142e-01 -1.325556626246181535e-01
-2.235581104725286317e-01 1.046002110935103424e+00
1.175190349232952958e+00 4.538674880400259126e-01
1.935088761992524997e+00 2.010155972188795159e-01
1.813283265135485767e+00 4.770170445540796722e-01
-1.272007990328225091e+00 -3.631079871459687580e-01
-7.138442589173327191e-02 9.703518132662034557e-01
-1.253543962988760696e-01 1.133635908555760352e+00
7.350769142382764798e-01 2.076480722946152380e-01
-1.020754569329836992e-01 2.425521233062488680e-01
1.726954193691743467e-01 1.130930680785089626e+00
-8.909728356506632085e-01 4.970820985051423446e-01
1.985376122168949209e+00 3.540854677298200803e-01
5.327647426049699764e-01 -2.832644658753415423e-01
-4.646636326893195390e-01 1.113405073038753468e+00
9.650719662007662958e-01 -3.334602428864733015e-02
2.400910561504138174e-01 4.960213803001949778e-02
1.180996099509906028e+00 -8.375884174664394166e-02
-1.333593056640637764e+00 1.111648593544742880e-01
3.782076362300403893e-01 -5.134507305254539800e-01
9.976866717734386159e-01 -4.994627451365281634e-01
-2.369457840293469897e-01 1.351682375230504496e+00
-6.298877291859397154e-01 1.059302930228461559e+00
2.053769350012338180e+00 -1.404846532530453773e-01
1.188113698047240430e+00 8.264217506515098011e-03
-3.050237882893630514e-02 4.896561489881265938e-01
-2.438394366102070443e-01 7.974468531109536462e-01
1.543545457647515828e+00 -7.194855169282998730e-01
1.899984508986471310e+00 2.345350608560649308e-02
2.354114689406154315e-01 4.383161686145806146e-01
-9.392729707577366360e-01 5.626636632197600241e-01
3.512604553486688985e-01 -2.746664451861625111e-01
5.514424578556770262e-01 8.155499594758390813e-01
7.394845296172882776e-01 3.986707383594130238e-01
1.007757834561645138e+00 -1.705276770323619351e-01
2.521262121479907137e+00 4.419293605580004725e-01
-5.851858882588749644e-01 7.038023460907641971e-01
-1.615974424336722726e-01 8.163578247411855671e-01
-3.703463078034323619e-01 1.201238554283970306e+00
1.428564870076787008e+00 -3.451151943526075683e-01
-9.683522971092577425e-01 3.398905623116047631e-02
1.650001048511625878e+00 -6.459076104424144038e-02
3.222701307396459436e-01 2.473747258705605301e-02
-7.997422132113856108e-01 3.702199262669059188e-02
2.938321914206176722e-01 1.054308539734430950e+00
-1.032858158883201316e+00 3.218181010529528319e-01
-1.041487945411560201e+00 -8.075782755711788385e-02
-7.749983281490693821e-04 4.566407859973550254e-01
9.835701502642787419e-01 3.111166582314426887e-01
6.710282838403043293e-01 -3.864307992386213919e-01
1.952274529864446162e+00 -1.194196099941330913e-01
-1.442695779718040083e-01 1.011895589083390057e+00
2.239698992468072802e+00 3.755557634303849923e-01
1.176923776895103080e+00 -4.359164851740391367e-01
-1.122386903830987492e+00 1.350970815173291317e-01
-9.754417435795021962e-01 4.024800553047626073e-01
1.022320795478407041e+00 1.335353312992476615e-01
-3.275566862292959847e-02 8.139643055989176368e-02
-9.836395680324140356e-01 5.488764250228472807e-02
1.464531458890859783e-01 1.793120119281549352e-01
-2.332476970919060699e-01 1.112643955212511360e+00
2.001220411872327798e+00 6.898496116394717270e-03
9.901911089666999288e-01 9.057925152859115370e-01
1.525521850010938429e+00 -3.428127928939718183e-01
8.341472026422185326e-01 9.878235608191086037e-01
6.527421087268815425e-01 1.009119206935918944e+00
-6.002292240271455137e-01 1.183160557645719368e+00
-7.154474254021299107e-01 -1.606751933508864250e-01
5.573895920154002814e-01 6.612288069229610432e-01
1.061623572104517799e-01 1.580606359778966019e-02
1.683206385070739275e+00 -4.329964807214891631e-01
-6.422231212091495944e-01 1.005971795681194214e+00
7.605565149589401663e-01 1.147929616531445651e+00
-4.877813356585171678e-01 9.088831629285594182e-01
-7.300139898780354519e-01 6.392075697193390083e-01
-1.634710287836168008e-01 2.731414566393869370e-01
1.365002152172245742e+00 -2.581088675551833633e-01
-5.040018223433497813e-01 1.278829109780405648e+00
1.542570249617404077e+00 -2.354296399320819633e-01
1.122555300378339727e+00 -4.018736805722621375e-01
1.705083945581279403e-01 8.297970081686043553e-01
-3.950575115253242564e-01 1.106705736723470279e+00
9.254186024760563400e-01 3.427236310235313166e-01
-6.450952486325988167e-01 1.031852361609804536e+00
3.395438694956142700e-01 -8.681410269910805333e-02
-5.413466797076438297e-01 3.790484952024488763e-01
2.098240499578491125e+00 2.422392541102083019e-01
-1.027359233204342276e-01 9.640941277730544767e-01
1.800241177005934556e+00 -9.104512757255711630e-03
-3.355990402288527852e-01 8.158072907737841106e-01
1.280422015457445717e+00 -4.298918920353324569e-01
-1.151177445347688622e+00 6.960634196466184420e-01
1.392614568511651996e-01 -3.570824368817580030e-01
3.235882323641574576e-01 -3.698669341271954014e-01
1.196873613767846845e+00 -5.513810588425172021e-01
8.250881588854410698e-01 -3.801239375176685420e-01
9.257207863078826815e-01 -1.143739742678001603e-01
-8.086233917581562292e-01 5.225282554196215568e-01
1.682760104545178326e+00 -8.338390215170121689e-02
1.789788561216469898e+00 9.966826000648132400e-03
1.654256353926390588e+00 1.464227724793138175e-01
2.083909114648092586e+00 -1.330651784954197392e-01
2.514317497006602897e-01 9.702628604600516127e-01
6.513294404047564878e-01 9.256168321441242686e-01
1.172300915969975321e+00 -5.891534111264944418e-01
-3.819680275036331230e-01 1.044899332616523235e+00
-6.508914910273888577e-02 9.970432952719474051e-02
-5.002043663958656294e-01 1.126088672331581497e+00
2.128358669796286851e+00 5.523434535811657664e-01
-4.325059494600779209e-01 1.019092540572349437e+00
1.551760131872661486e+00 -4.825440590993603229e-01
1.369022490150749727e+00 -4.565453524827314258e-01
1.058093774405149068e+00 -4.965056647698233294e-01
1.348895829224208587e+00 -7.916489659105605536e-01
4.357295808421118855e-02 1.072120599279822617e+00
-1.788738182665783327e-02 9.215478488884920605e-02
1.718632772874175152e-01 8.704092412115951305e-01
1.047851258087879822e+00 4.607952105181811753e-01
1.435464652474781833e+00 -4.230211185600155632e-01
4.996552096573758650e-01 -2.679039848582781547e-01
2.112225258192534927e-01 2.611297020573141725e-01
4.272179912982324579e-01 -5.370857588123183479e-01
1.844573025056880144e+00 -2.445046638217887591e-03
1.213032221994599480e+00 4.027212085287034671e-01
-8.757685750685055837e-01 -1.713196112087530254e-01
-1.298272671336247464e-01 1.550255689858474284e+00
7.850067954652151236e-03 6.464571902471568654e-01
1.789513141976526001e+00 5.573645533733850854e-02
1.261487114566645973e+00 -5.527296112640234238e-01
8.189827324284248977e-01 -2.830178223661908854e-01
4.535943062729126951e-01 -5.623781376590855086e-01
2.355176381040987865e-01 2.191274059983562283e-01
1.808578545725225029e+00 -3.914784369283728638e-01
6.826007466235121945e-02 2.457250413326072525e-01
1.457872521586515813e+00 -3.826862457644873428e-01
6.320191119138810487e-01 8.841246682554545488e-01
9.430916306981401709e-01 4.984429399101959479e-01
7.539077732875557603e-01 8.507845481018843081e-01
5.904287759054203111e-01 8.603633780567269129e-01
1.256694172456421121e+00 -3.634877251379809437e-01
4.802930979704622128e-01 -5.487889246146091526e-01
1.164314770375575403e+00 -3.167557546263801149e-01
1.141446489480861803e+00 -8.963597093778626901e-01
1.800109967769938091e-01 7.738218653315469542e-01
7.411944628702806792e-01 9.685959428706736318e-01
7.120653123460840561e-02 3.742450187332796441e-02
7.971734834143278103e-01 -4.329947416084126144e-01
1.314059155261815937e+00 -1.360301071737781142e-01
1.055171225000292257e+00 6.649643842718128139e-01
-4.062393376938422396e-01 7.410770392926602224e-01
-1.037682264979418734e-01 -7.787540929673542056e-02
-1.140082491954543364e+00 6.361188289596257928e-01
-7.060336819037271727e-02 -5.776075171194318403e-02
7.204672706007472227e-01 7.159988197121947007e-01
7.261926646231715576e-01 -4.881672314879016983e-01
-9.172299368484257975e-01 2.903584563822635967e-01
7.520659436551681010e-01 -7.213074853714768198e-01
5.605887643298332890e-01 -5.606812753679257799e-01
-1.192630520355176360e+00 2.118094514736235112e-01
1.000152327591393497e+00 -6.392099382787954642e-01
2.520535423348704285e-01 -1.379668825371337670e-01
1.209779866932011227e+00 -4.234726376294122852e-01
1.351629189901274675e+00 -6.602606453019266297e-02
1.462131984678541441e+00 -4.540873731393975654e-01
9.053711204931341738e-01 -5.534283026915362003e-01
1.595526785355055654e+00 -9.043628105367139403e-02
-2.502470599805176055e-01 1.147172792532791696e+00
-9.419579134481332883e-01 3.989294325104627559e-01
-9.665181928491017871e-01 3.580364914013622335e-01
-9.233756131497112829e-01 3.373681982317811023e-01
1.125387437629557646e-01 1.784366141059454680e-01
-5.116236729694005891e-01 3.617165707008257458e-01
7.931244290394774410e-01 7.428827515351819066e-01
-4.722154266809804324e-01 6.323516154290826918e-01
2.046421076321721100e-01 1.794324585799981220e-01
4.662526520634440730e-01 -4.165557217323835326e-01
1.696085722230542547e+00 -4.208741784576118805e-01
1.748843231681892263e+00 3.569070426140135144e-01
7.733183067846429726e-01 6.611392632976818007e-01
5.556291411862650520e-01 -4.929096672251318534e-01
1.993665675564056494e+00 2.304118681825666759e-01
5.682254159520943038e-01 -2.600354540668234349e-02
3.412174608748533844e-01 -3.230447293246179186e-01
-9.497230231557076685e-01 7.036670734877622513e-01
1.735657379884215867e+00 3.338359431171705194e-01
5.300466820372142784e-01 -6.242584159304642721e-02
-1.128422270847444064e+00 -4.051806485314083522e-02
7.395389321108889469e-01 4.299601348747915663e-01
8.962598864592778991e-01 6.015917539023549754e-01
1.618232169672105258e-01 1.465388057510151332e-01
1.505720562402984575e-01 -1.923726134242825792e-03
2.075858798674310446e-01 9.406080811999613100e-01
9.396820515424579856e-01 1.003396195900396748e-02
-1.032390866399537366e+00 2.342840989305702559e-01
-1.033277579442321681e+00 2.589941111265040563e-01
-1.105673081109262101e+00 2.953941674396821093e-01
-8.588280168960612526e-01 7.340661512338133576e-01
8.322606605784239608e-01 -6.337754021369287338e-01
2.568417008368741317e-01 3.617536282137185921e-01
-3.687345011726917976e-01 8.305829894769708455e-01
2.254696113887002085e+00 3.805534224585128689e-01
1.872836145513216755e+00 -1.506851664591733753e-01
-1.360111559435568107e-01 5.935473429411025625e-02
2.400007807339379351e-01 1.277343051827475984e+00
8.188609017373066346e-02 3.376314052210595273e-03
1.992399519945915187e-01 7.603041284932972044e-01
1.579204301776242492e+00 -2.574864554844750186e-01
2.604508487737966504e-01 -3.231889104324202622e-01
1.876973190511665557e+00 2.603406809804620359e-02
9.830086268957376472e-01 2.287270770076038073e-01
1.169063163968943719e+00 3.998785927776066229e-02
-1.023977485901434864e-01 1.272995976475172153e+00
8.143854982324822966e-01 -8.943617480731700375e-01
1.903603625177720859e+00 7.913763948345406418e-02
2.121302206201040708e+00 -3.072305569268279912e-01
2.152917661462938614e-01 -4.779494275669244896e-01
4.725639963928961462e-01 -3.341021941754037661e-01
6.054789213033175965e-01 7.140162476051612472e-01
1.681332629514463051e+00 -4.666809314064626624e-02
7.163401340547623786e-01 -2.606777751526918596e-01
1.559922468887811942e+00 -2.801709925467338880e-01
6.779819308024961355e-01 6.689799953375923369e-01
-3.268461960376243258e-01 1.035014155322583118e+00
2.045071862123907458e+00 4.230355283766039642e-01
-4.691693538052326140e-01 8.765708946974117843e-01
1.700965244774638840e+00 1.263223305673238928e-02
1.794702577222669349e-01 1.032404159769233276e+00
7.612127650078908125e-01 4.333052232512039637e-01
1.847665251347797133e+00 -6.831436222769710076e-02
-9.282166952687151973e-01 -6.113968729913840661e-02
-1.691290841315781779e-01 8.674465783348261905e-01
4.445825260903801812e-02 1.105448778059338055e+00
1.743186300282257406e+00 1.145978351933788497e-01
9.785028299287209519e-01 -5.360549629737741961e-01
8.203379283484715234e-01 8.413805888240599717e-01
1.071653014764324841e+00 -4.815110060126672753e-01
2.736204829053829890e-01 -2.032787089960313431e-01
1.067167016334174545e-01 -8.100753304479867134e-02
6.870517430605554976e-01 -7.171941945323274670e-01
8.856859284638171070e-01 3.849570911838616216e-01
1.466867206497471265e+00 -2.662439930385668840e-01
1.218488371335643694e-01 7.594653917061598980e-01
1.488797407817830321e+00 -3.962606256437073426e-01
1.486757605816846906e-01 -8.030194314052070681e-02
-8.842277148481307858e-01 6.311228528891789091e-01
-3.481362999672170666e-01 6.027802848615411158e-01
9.273769861862045660e-01 3.073346724985377421e-01
2.079031124682048648e-01 -3.459457870832471360e-01
-2.120642000535527538e-02 1.583093668944217935e-01
7.753072839393017057e-01 3.682430989654147391e-01
1.632487613475287480e-01 9.064577091307369772e-01
-3.809739772827264170e-02 8.763785273160682454e-01
2.090003811924803223e+00 -6.659659649950885885e-02
2.663233550118062065e-01 -3.523504848561642144e-01
-6.246057847578295741e-01 8.156078516203748574e-01
-1.067298112227701434e+00 1.871280465281362770e-01
2.356739409522842221e-01 1.219829881071282429e+00
-8.127911583287641406e-01 7.769793926307264620e-01
-9.525891449907789577e-01 -1.904164438425935968e-01
-8.170529766365380864e-01 4.915122749026050175e-01
-1.136090973932804893e+00 4.354653045575549997e-01
1.325706712084997185e-01 -4.419972992162966019e-01
9.677681224284349071e-01 6.420132787643969552e-01
1.454859608395056680e+00 -4.988727122669325276e-01
4.880614923467003208e-01 -4.264589444087228953e-01
-1.237329828129789089e+00 3.074967307510794723e-01
1.121851579270910504e-02 6.517899461258214178e-01
1.896004525741888491e+00 4.349111459663311807e-01
1.219219322070714373e+00 -8.110617329403313480e-01
1.222428344179143922e+00 3.342425981342114216e-01
1.966134850065339168e-01 2.215711467048203098e-01
2.344010121439495942e-01 3.189415444362472263e-01
-8.660824348223103986e-01 -1.650688514150289721e-01
-1.166080178763374997e+00 2.844367966616024868e-01
1.138040067828417712e+00 -6.721710566137544252e-01
1.787959737998912613e-01 -5.516859469360110291e-01
1.668810813166081430e-01 2.762190550215469220e-01
-7.536745080718685319e-01 8.252687275890018270e-01
-5.658443532422890998e-01 8.671614890359523597e-01
1.289185887390231100e+00 -1.698715564797786681e-01
6.374760310169274025e-01 8.911002990353874553e-01
-8.774825629123631510e-01 3.370745911435926168e-01
-7.719162237912354785e-01 1.161596406272419113e+00
6.352883381683118724e-01 9.876252779009702110e-01
8.838213059440448438e-01 4.432294040133957780e-01
5.654933285165546497e-01 1.028474523968347931e+00
-1.027824773304817363e+00 5.983445946984101704e-01
9.298352665653748517e-01 2.820272074504759363e-01
2.478610234651935085e-01 9.468901958218890469e-01
-2.879904820090869455e-01 4.142044315994565795e-01
1.437207573314578379e+00 -1.207321749032875119e-01
1.126618353920849636e-01 4.675497425700843590e-01
-2.809110016608745708e-03 9.754063465974227576e-01
7.755442920471995460e-01 -3.191912478245864104e-01
2.210213944466226654e-01 1.033641373647548267e+00
1.751384158176758410e+00 2.952280275820586275e-01
-6.581306761957660401e-01 5.917257076853332798e-01
1.180181853711636197e+00 -5.914688360120734512e-01
-4.875786540391995327e-01 1.016889404810145336e+00
1.537067471646591521e-01 2.633217725499218953e-01
1.973158388018461329e+00 4.799211541800025294e-01
1.325481618197311029e+00 -4.473575671607080695e-01
-1.674157174420964345e-01 3.705753654345901593e-02
8.265341329235483814e-01 5.086557054193174832e-01
2.222166102184904291e-01 8.115745387404411648e-01
3.054369614535744626e-01 1.081744145355011399e+00
6.856354178713759406e-01 -3.839097129181557877e-01
-6.501695149421818920e-01 8.986270355563643619e-01
-1.002304998601530439e+00 5.031298181524013202e-01
-1.002219927558833046e+00 6.339051607216246165e-01
1.599329296549516499e+00 4.492809517585749646e-02
1.966089673391668624e+00 2.124272147318634063e-01
2.087195413027960189e+00 2.780310229373149644e-01
3.736774985079553968e-01 -4.673386081113682367e-01
1.874408431576629841e+00 4.310974115887547531e-01
2.273663732314845642e-02 -4.642806724347963154e-01
7.309504571180841515e-01 6.228474341577810991e-01
-8.815935609037803267e-02 9.293834876892864694e-01
1.748634638053682577e+00 1.948413537059650036e-01
5.243816438687831649e-01 -3.192945486752477580e-01
9.039742653953564133e-01 3.966799723371871034e-01
-1.178252091638115062e-01 -4.690961831959491457e-01
-8.245212516727931096e-01 6.343502784555324903e-01
-8.674424568351436493e-01 -1.168806645607229355e-01
1.975657118558342973e-01 1.072292839597688702e-01
4.133585409080743345e-01 6.161303677547667057e-01
-5.612680431692604888e-01 8.735539615151417525e-01
9.781795190389167560e-01 3.730445780638507181e-01
4.021437148955353535e-01 -2.559250589000521270e-01
2.018422819732791140e+00 3.578898173579502795e-01
7.504506777925413763e-01 4.674084168382952598e-01
-1.208407234336527358e-01 6.696132715468163799e-01
-5.516195813822454275e-01 1.800748309387699142e-01
6.681550542313066110e-01 2.903625259098305822e-01
-1.058252265102975098e+00 3.703787063422755987e-01
6.309585371432089307e-01 5.186180967473058567e-01
1.328809563995608789e+00 -6.840176441253147388e-01
1.921556812816639592e+00 -1.672872848260338885e-01
2.071924092965980346e+00 -3.990411129589344075e-02
4.528922936149327727e-01 1.029893281041971420e-01
8.322634548437337632e-01 6.446552699677184917e-01
8.856771769747174838e-01 3.723142845242912724e-01
5.042740965055487745e-01 6.022709404590486093e-01
-9.687760407663348339e-01 4.047920323580396773e-01
3.076881849104391442e-01 6.292784963646730345e-01
1.117344342682128344e+00 9.743546137467473667e-03
-7.987338733811706337e-01 2.091342562839711428e-01
-3.854616079833195208e-01 1.425069336786710383e-01
1.039468552313660865e+00 2.528025046572140999e-01
1.464089356237993744e+00 -3.093969741296421772e-01
-5.371417564904419351e-01 1.090150070492744483e+00
1.902406698927181283e+00 4.811016828009123669e-01
-6.188821236315361629e-01 5.169848951959286065e-01
5.738040914207371834e-01 -2.852854102476377607e-01
1.934864810265226609e-01 1.324048163596791838e-01
2.562240961922781501e-01 8.524105393444243728e-02
6.696446228633372577e-01 4.113121703140540930e-01
2.926067281899135675e-01 8.528064615291662820e-01
-8.527977677329998674e-01 8.494208915064435650e-02
2.710555319288908693e-01 1.575333820240933935e-01
1.697602307475362560e+00 -3.578215560942704654e-01
7.215092472341143592e-01 -4.032092647770383342e-01
5.920190129538048796e-01 -7.519337911547108178e-01
1.062422466839861857e+00 2.599393120886497321e-01
1.427492033295240104e-01 1.066596606975605876e+00
1.000505464492363217e+00 1.750762567035257233e-01
6.134891293739372919e-01 -4.231906540259646188e-01
-1.336103070549968796e-01 1.183628715470691484e+00
2.150883578241048699e+00 6.069154451945868445e-01
-6.555345673633951042e-01 7.057985461144612449e-01
8.980714173851523929e-01 6.415278946297005014e-01
