5.183333333333333570e+00 9.549999999999998934e+00
4.966666666666666785e+00 9.183333333333333570e+00
4.816666666666666430e+00 9.450000000000001066e+00
4.716666666666666785e+00 9.599999999999999645e+00
4.583333333333333037e+00 9.349999999999999645e+00
4.450000000000000178e+00 9.483333333333332504e+00
4.333333333333333037e+00 9.716666666666666785e+00
4.483333333333333393e+00 9.166666666666666075e+00
4.533333333333333215e+00 8.833333333333333925e+00
4.266666666666666607e+00 9.116666666666667140e+00
4.133333333333333748e+00 9.283333333333333215e+00
4.100000000000000533e+00 9.466666666666666785e+00
4.066666666666666430e+00 9.549999999999998934e+00
4.466666666666666785e+00 8.366666666666667140e+00
4.316666666666666430e+00 8.650000000000000355e+00
4.299999999999999822e+00 8.833333333333333925e+00
3.949999999999999734e+00 9.000000000000000000e+00
3.783333333333333215e+00 9.333333333333333925e+00
3.716666666666666785e+00 9.566666666666666430e+00
3.750000000000000000e+00 9.133333333333332860e+00
3.583333333333333481e+00 9.233333333333332504e+00
3.500000000000000000e+00 9.450000000000001066e+00
3.216666666666666785e+00 9.483333333333332504e+00
3.416666666666666519e+00 9.083333333333333925e+00
3.583333333333333481e+00 8.849999999999999645e+00
3.899999999999999911e+00 8.783333333333333215e+00
3.866666666666666696e+00 8.633333333333332860e+00
3.966666666666666785e+00 8.349999999999999645e+00
4.200000000000000178e+00 8.016666666666667496e+00
3.966666666666666785e+00 8.166666666666666075e+00
3.699999999999999734e+00 8.400000000000000355e+00
3.516666666666667052e+00 8.383333333333332860e+00
3.350000000000000089e+00 8.650000000000000355e+00
3.116666666666666696e+00 8.866666666666667140e+00
3.100000000000000089e+00 9.083333333333333925e+00
3.066666666666666430e+00 9.266666666666667496e+00
2.500000000000000000e+00 9.416666666666666075e+00
2.850000000000000089e+00 9.150000000000000355e+00
2.833333333333333481e+00 9.016666666666667496e+00
2.683333333333333570e+00 9.066666666666666430e+00
2.616666666666666696e+00 8.933333333333333570e+00
2.433333333333333126e+00 9.133333333333332860e+00
2.266666666666666607e+00 8.950000000000001066e+00
2.333333333333333481e+00 8.833333333333333925e+00
2.516666666666666607e+00 8.766666666666667496e+00
2.850000000000000089e+00 8.766666666666667496e+00
3.000000000000000000e+00 8.616666666666667140e+00
2.866666666666666696e+00 8.549999999999998934e+00
3.133333333333333304e+00 8.516666666666667496e+00
2.816666666666666430e+00 8.349999999999999645e+00
2.949999999999999734e+00 8.200000000000001066e+00
3.216666666666666785e+00 8.233333333333332504e+00
3.516666666666667052e+00 8.116666666666667140e+00
3.683333333333333570e+00 7.966666666666665897e+00
3.516666666666667052e+00 7.850000000000000533e+00
3.149999999999999911e+00 7.783333333333334103e+00
3.066666666666666430e+00 7.966666666666665897e+00
2.783333333333333215e+00 7.966666666666665897e+00
2.449999999999999734e+00 8.250000000000000000e+00
2.466666666666666785e+00 8.483333333333332504e+00
2.199999999999999734e+00 8.583333333333333925e+00
2.033333333333333215e+00 8.666666666666666075e+00
1.933333333333333348e+00 8.983333333333332504e+00
1.883333333333333526e+00 8.599999999999999645e+00
1.766666666666666607e+00 8.700000000000001066e+00
2.133333333333333304e+00 8.466666666666666785e+00
1.800000000000000044e+00 8.416666666666666075e+00
1.783333333333333215e+00 8.233333333333332504e+00
1.599999999999999867e+00 8.349999999999999645e+00
1.400000000000000133e+00 8.516666666666667496e+00
2.133333333333333304e+00 8.266666666666667496e+00
2.183333333333333126e+00 8.099999999999999645e+00
2.466666666666666785e+00 8.083333333333333925e+00
1.816666666666666652e+00 8.066666666666666430e+00
1.433333333333333348e+00 8.000000000000000000e+00
1.333333333333333259e+00 8.083333333333333925e+00
1.116666666666666696e+00 7.766666666666666607e+00
1.616666666666666474e+00 7.683333333333333570e+00
1.433333333333333348e+00 7.583333333333333037e+00
1.949999999999999956e+00 7.799999999999999822e+00
1.966666666666666785e+00 7.850000000000000533e+00
2.516666666666666607e+00 7.899999999999999467e+00
2.283333333333333215e+00 7.750000000000000000e+00
2.550000000000000266e+00 7.700000000000000178e+00
2.316666666666666874e+00 7.516666666666666607e+00
2.033333333333333215e+00 7.533333333333334103e+00
1.833333333333333259e+00 7.533333333333334103e+00
1.566666666666666652e+00 7.366666666666667140e+00
1.266666666666666607e+00 7.283333333333334103e+00
1.550000000000000044e+00 7.066666666666666430e+00
1.383333333333333526e+00 6.783333333333334103e+00
1.766666666666666607e+00 6.799999999999999822e+00
1.866666666666666474e+00 6.916666666666666963e+00
1.933333333333333348e+00 7.316666666666666430e+00
2.133333333333333304e+00 7.316666666666666430e+00
2.183333333333333126e+00 7.049999999999999822e+00
2.483333333333333393e+00 7.316666666666666430e+00
2.466666666666666785e+00 7.183333333333333570e+00
2.583333333333333481e+00 7.066666666666666430e+00
2.550000000000000266e+00 6.883333333333332860e+00
2.316666666666666874e+00 6.600000000000000533e+00
2.199999999999999734e+00 6.700000000000000178e+00
2.016666666666666607e+00 6.733333333333333393e+00
1.800000000000000044e+00 6.549999999999999822e+00
1.783333333333333215e+00 6.350000000000000533e+00
1.933333333333333348e+00 6.083333333333333037e+00
2.100000000000000089e+00 6.366666666666667140e+00
2.333333333333333481e+00 6.299999999999999822e+00
2.383333333333333304e+00 5.966666666666665897e+00
2.449999999999999734e+00 6.066666666666666430e+00
2.733333333333332948e+00 6.683333333333333570e+00
2.766666666666667052e+00 6.483333333333333393e+00
2.766666666666667052e+00 6.166666666666666963e+00
2.916666666666666519e+00 6.266666666666666607e+00
3.016666666666667052e+00 6.066666666666666430e+00
3.116666666666666696e+00 5.899999999999999467e+00
2.966666666666666785e+00 5.883333333333332860e+00
2.816666666666666430e+00 5.733333333333333393e+00
3.350000000000000089e+00 5.733333333333333393e+00
3.466666666666666785e+00 5.583333333333333037e+00
2.866666666666666696e+00 6.966666666666665897e+00
2.883333333333333304e+00 7.100000000000000533e+00
2.883333333333333304e+00 7.299999999999999822e+00
2.883333333333333304e+00 7.500000000000000000e+00
2.983333333333332948e+00 7.600000000000000533e+00
3.316666666666666430e+00 7.549999999999999822e+00
2.983333333333332948e+00 7.399999999999999467e+00
3.216666666666666785e+00 7.299999999999999822e+00
3.516666666666667052e+00 7.433333333333333570e+00
3.633333333333333304e+00 7.616666666666667140e+00
3.783333333333333215e+00 7.816666666666666430e+00
4.016666666666666607e+00 7.799999999999999822e+00
4.100000000000000533e+00 7.583333333333333037e+00
3.899999999999999911e+00 7.383333333333332860e+00
3.716666666666666785e+00 7.350000000000000533e+00
3.616666666666666696e+00 7.166666666666666963e+00
3.616666666666666696e+00 7.016666666666666607e+00
3.199999999999999734e+00 7.100000000000000533e+00
3.283333333333333215e+00 6.899999999999999467e+00
3.116666666666666696e+00 6.866666666666667140e+00
3.083333333333333481e+00 6.549999999999999822e+00
3.316666666666666430e+00 6.600000000000000533e+00
3.566666666666666430e+00 6.783333333333334103e+00
3.766666666666667052e+00 6.899999999999999467e+00
4.116666666666666252e+00 7.200000000000000178e+00
4.366666666666666252e+00 7.100000000000000533e+00
4.283333333333333215e+00 6.916666666666666963e+00
4.000000000000000000e+00 6.666666666666666963e+00
3.666666666666666519e+00 6.616666666666667140e+00
3.449999999999999734e+00 6.333333333333333037e+00
3.300000000000000266e+00 6.216666666666665897e+00
3.533333333333333215e+00 6.049999999999999822e+00
3.800000000000000266e+00 6.100000000000000533e+00
3.800000000000000266e+00 6.416666666666666963e+00
4.116666666666666252e+00 6.266666666666666607e+00
4.266666666666666607e+00 6.583333333333333037e+00
4.049999999999999822e+00 6.033333333333334103e+00
3.683333333333333570e+00 5.833333333333333037e+00
3.983333333333332948e+00 5.750000000000000000e+00
4.083333333333333037e+00 5.833333333333333037e+00
4.350000000000000533e+00 5.799999999999999822e+00
4.583333333333333037e+00 6.049999999999999822e+00
4.500000000000000000e+00 6.216666666666665897e+00
4.549999999999999822e+00 6.416666666666666963e+00
4.666666666666666963e+00 6.633333333333332860e+00
5.066666666666666430e+00 6.066666666666666430e+00
5.166666666666666963e+00 5.716666666666665897e+00
4.633333333333333748e+00 5.700000000000000178e+00
4.583333333333333037e+00 5.533333333333334103e+00
4.049999999999999822e+00 5.466666666666665897e+00
2.600000000000000089e+00 4.566666666666666430e+00
2.949999999999999734e+00 4.450000000000000178e+00
3.000000000000000000e+00 4.233333333333333393e+00
3.233333333333332948e+00 4.033333333333333215e+00
2.683333333333333570e+00 4.299999999999999822e+00
2.566666666666666874e+00 4.416666666666666963e+00
2.266666666666666607e+00 4.399999999999999467e+00
2.199999999999999734e+00 4.483333333333333393e+00
2.066666666666666874e+00 4.183333333333333570e+00
1.800000000000000044e+00 4.283333333333333215e+00
1.900000000000000133e+00 4.083333333333333037e+00
1.733333333333333393e+00 3.966666666666666785e+00
1.716666666666666785e+00 3.783333333333333215e+00
1.949999999999999956e+00 3.733333333333332948e+00
2.033333333333333215e+00 3.916666666666666519e+00
2.333333333333333481e+00 4.116666666666666252e+00
2.350000000000000089e+00 4.149999999999999467e+00
2.633333333333333304e+00 4.166666666666666963e+00
2.850000000000000089e+00 4.033333333333333215e+00
2.616666666666666696e+00 3.949999999999999734e+00
2.366666666666666696e+00 3.983333333333332948e+00
2.300000000000000266e+00 3.833333333333333481e+00
2.283333333333333215e+00 3.633333333333333304e+00
2.133333333333333304e+00 3.566666666666666430e+00
1.966666666666666785e+00 3.433333333333333570e+00
2.133333333333333304e+00 3.416666666666666519e+00
2.350000000000000089e+00 3.350000000000000089e+00
2.449999999999999734e+00 3.500000000000000000e+00
2.550000000000000266e+00 3.699999999999999734e+00
2.699999999999999734e+00 3.733333333333332948e+00
2.933333333333333570e+00 3.800000000000000266e+00
2.766666666666667052e+00 3.516666666666667052e+00
3.000000000000000000e+00 3.633333333333333304e+00
3.116666666666666696e+00 3.500000000000000000e+00
3.383333333333333304e+00 3.666666666666666519e+00
3.466666666666666785e+00 3.516666666666667052e+00
3.633333333333333304e+00 3.333333333333333481e+00
3.850000000000000089e+00 3.399999999999999911e+00
3.916666666666666519e+00 3.616666666666666696e+00
3.366666666666666696e+00 2.883333333333333304e+00
3.683333333333333570e+00 3.033333333333333215e+00
3.949999999999999734e+00 3.266666666666667052e+00
4.283333333333333215e+00 3.550000000000000266e+00
4.299999999999999822e+00 3.899999999999999911e+00
4.533333333333333215e+00 3.699999999999999734e+00
4.683333333333333570e+00 3.916666666666666519e+00
4.833333333333333037e+00 3.933333333333333570e+00
4.766666666666666607e+00 4.149999999999999467e+00
5.666666666666666963e+00 4.299999999999999822e+00
5.266666666666666607e+00 4.200000000000000178e+00
5.283333333333333215e+00 4.000000000000000000e+00
5.566666666666666430e+00 4.066666666666666430e+00
5.416666666666666963e+00 3.899999999999999911e+00
5.183333333333333570e+00 3.716666666666666785e+00
4.933333333333333570e+00 3.783333333333333215e+00
4.816666666666666430e+00 3.583333333333333481e+00
4.583333333333333037e+00 3.483333333333332948e+00
4.266666666666666607e+00 3.366666666666666696e+00
4.383333333333333748e+00 3.266666666666667052e+00
4.149999999999999467e+00 3.100000000000000089e+00
3.933333333333333570e+00 2.983333333333332948e+00
3.699999999999999734e+00 2.816666666666666430e+00
3.449999999999999734e+00 2.566666666666666874e+00
3.366666666666666696e+00 2.250000000000000000e+00
3.766666666666667052e+00 2.649999999999999911e+00
4.116666666666666252e+00 2.816666666666666430e+00
4.366666666666666252e+00 2.983333333333332948e+00
4.399999999999999467e+00 3.116666666666666696e+00
4.700000000000000178e+00 3.350000000000000089e+00
3.833333333333333481e+00 2.500000000000000000e+00
3.783333333333333215e+00 2.300000000000000266e+00
3.983333333333332948e+00 2.250000000000000000e+00
4.133333333333333748e+00 2.366666666666666696e+00
4.083333333333333037e+00 2.533333333333333215e+00
4.316666666666666430e+00 2.533333333333333215e+00
4.483333333333333393e+00 2.649999999999999911e+00
4.450000000000000178e+00 2.750000000000000000e+00
4.583333333333333037e+00 3.000000000000000000e+00
4.766666666666666607e+00 3.100000000000000089e+00
4.950000000000000178e+00 3.183333333333333570e+00
5.033333333333333215e+00 3.416666666666666519e+00
5.149999999999999467e+00 3.516666666666667052e+00
5.450000000000000178e+00 3.616666666666666696e+00
5.583333333333333037e+00 3.833333333333333481e+00
5.416666666666666963e+00 3.399999999999999911e+00
5.133333333333333748e+00 3.366666666666666696e+00
5.149999999999999467e+00 3.233333333333332948e+00
5.049999999999999822e+00 3.100000000000000089e+00
5.083333333333333037e+00 2.883333333333333304e+00
5.183333333333333570e+00 2.733333333333332948e+00
4.750000000000000000e+00 2.899999999999999911e+00
4.750000000000000000e+00 2.750000000000000000e+00
5.016666666666666607e+00 2.600000000000000089e+00
4.766666666666666607e+00 2.500000000000000000e+00
4.516666666666666607e+00 2.483333333333333393e+00
4.766666666666666607e+00 2.316666666666666874e+00
4.649999999999999467e+00 2.233333333333333393e+00
4.350000000000000533e+00 2.316666666666666874e+00
4.350000000000000533e+00 2.066666666666666874e+00
3.850000000000000089e+00 2.100000000000000089e+00
3.600000000000000089e+00 1.949999999999999956e+00
3.533333333333333215e+00 1.683333333333333348e+00
3.783333333333333215e+00 1.849999999999999867e+00
4.049999999999999822e+00 1.800000000000000044e+00
4.133333333333333748e+00 1.933333333333333348e+00
4.266666666666666607e+00 1.900000000000000133e+00
4.549999999999999822e+00 1.966666666666666785e+00
4.633333333333333748e+00 1.766666666666666607e+00
4.366666666666666252e+00 1.699999999999999956e+00
4.183333333333333570e+00 1.633333333333333526e+00
3.833333333333333481e+00 1.583333333333333259e+00
3.783333333333333215e+00 1.349999999999999867e+00
4.133333333333333748e+00 1.449999999999999956e+00
3.916666666666666519e+00 1.150000000000000133e+00
4.216666666666666785e+00 1.233333333333333393e+00
4.466666666666666785e+00 1.449999999999999956e+00
4.633333333333333748e+00 1.650000000000000133e+00
4.250000000000000000e+00 1.000000000000000000e+00
4.516666666666666607e+00 1.050000000000000044e+00
4.566666666666666430e+00 1.216666666666666563e+00
4.700000000000000178e+00 1.366666666666666474e+00
4.883333333333333748e+00 1.683333333333333348e+00
4.783333333333333215e+00 1.916666666666666741e+00
4.833333333333333037e+00 2.183333333333333126e+00
5.049999999999999822e+00 2.366666666666666696e+00
4.533333333333333215e+00 8.499999999999999778e-01
4.816666666666666430e+00 7.999999999999999334e-01
4.866666666666666252e+00 1.016666666666666607e+00
5.000000000000000000e+00 1.133333333333333304e+00
5.083333333333333037e+00 1.166666666666666741e+00
4.899999999999999467e+00 1.366666666666666474e+00
4.899999999999999467e+00 1.500000000000000000e+00
5.083333333333333037e+00 9.000000000000000222e-01
5.216666666666666785e+00 6.833333333333332371e-01
5.316666666666666430e+00 9.333333333333332371e-01
5.366666666666667140e+00 1.183333333333333348e+00
5.299999999999999822e+00 1.333333333333333259e+00
5.200000000000000178e+00 1.583333333333333259e+00
5.183333333333333570e+00 1.683333333333333348e+00
5.116666666666666252e+00 1.833333333333333259e+00
5.049999999999999822e+00 1.983333333333333393e+00
5.166666666666666963e+00 2.250000000000000000e+00
5.233333333333333393e+00 2.116666666666666696e+00
5.399999999999999467e+00 1.966666666666666785e+00
5.450000000000000178e+00 1.783333333333333215e+00
5.399999999999999467e+00 1.516666666666666607e+00
5.516666666666666607e+00 1.400000000000000133e+00
5.649999999999999467e+00 1.583333333333333259e+00
5.683333333333333570e+00 1.699999999999999956e+00
5.766666666666666607e+00 1.599999999999999867e+00
5.766666666666666607e+00 1.383333333333333526e+00
5.866666666666667140e+00 1.433333333333333348e+00
5.683333333333333570e+00 1.233333333333333393e+00
5.750000000000000000e+00 1.016666666666666607e+00
5.549999999999999822e+00 9.333333333333332371e-01
5.516666666666666607e+00 7.166666666666666741e-01
5.733333333333333393e+00 6.833333333333332371e-01
6.049999999999999822e+00 6.500000000000000222e-01
6.016666666666666607e+00 8.166666666666667629e-01
6.049999999999999822e+00 1.016666666666666607e+00
6.200000000000000178e+00 1.150000000000000133e+00
6.133333333333332860e+00 1.199999999999999956e+00
6.283333333333334103e+00 1.066666666666666652e+00
6.366666666666667140e+00 8.833333333333333037e-01
6.483333333333333393e+00 8.833333333333333037e-01
6.333333333333333037e+00 7.000000000000000666e-01
6.633333333333332860e+00 6.833333333333332371e-01
6.816666666666666430e+00 9.333333333333332371e-01
6.600000000000000533e+00 1.083333333333333259e+00
6.483333333333333393e+00 1.300000000000000044e+00
6.216666666666665897e+00 1.400000000000000133e+00
6.133333333333332860e+00 1.533333333333333215e+00
6.216666666666665897e+00 1.583333333333333259e+00
6.250000000000000000e+00 1.716666666666666785e+00
6.366666666666667140e+00 1.516666666666666607e+00
5.966666666666665897e+00 1.800000000000000044e+00
5.883333333333332860e+00 1.900000000000000133e+00
5.683333333333333570e+00 2.016666666666666607e+00
5.799999999999999822e+00 2.166666666666666519e+00
5.533333333333334103e+00 2.283333333333333215e+00
5.233333333333333393e+00 2.383333333333333304e+00
5.250000000000000000e+00 2.583333333333333481e+00
5.533333333333334103e+00 2.649999999999999911e+00
6.799999999999999822e+00 1.133333333333333304e+00
6.899999999999999467e+00 1.150000000000000133e+00
7.049999999999999822e+00 9.500000000000000666e-01
7.250000000000000000e+00 8.833333333333333037e-01
7.333333333333333037e+00 1.083333333333333259e+00
7.399999999999999467e+00 1.166666666666666741e+00
7.149999999999999467e+00 1.250000000000000000e+00
7.033333333333334103e+00 1.349999999999999867e+00
6.716666666666665897e+00 1.433333333333333348e+00
6.933333333333333570e+00 1.566666666666666652e+00
6.899999999999999467e+00 1.716666666666666785e+00
6.583333333333333037e+00 1.683333333333333348e+00
6.616666666666667140e+00 1.833333333333333259e+00
6.799999999999999822e+00 1.883333333333333526e+00
6.850000000000000533e+00 1.916666666666666741e+00
6.233333333333333393e+00 1.916666666666666741e+00
6.416666666666666963e+00 1.983333333333333393e+00
6.133333333333332860e+00 2.000000000000000000e+00
6.149999999999999467e+00 2.199999999999999734e+00
5.883333333333332860e+00 2.350000000000000089e+00
5.566666666666666430e+00 2.466666666666666785e+00
6.216666666666665897e+00 2.433333333333333126e+00
6.016666666666666607e+00 2.449999999999999734e+00
5.950000000000000178e+00 2.583333333333333481e+00
5.833333333333333037e+00 2.750000000000000000e+00
5.716666666666665897e+00 2.866666666666666696e+00
5.683333333333333570e+00 3.000000000000000000e+00
5.466666666666665897e+00 2.899999999999999911e+00
5.350000000000000533e+00 2.983333333333332948e+00
5.350000000000000533e+00 3.199999999999999734e+00
5.500000000000000000e+00 3.250000000000000000e+00
5.750000000000000000e+00 3.199999999999999734e+00
5.866666666666667140e+00 3.300000000000000266e+00
5.933333333333333570e+00 3.100000000000000089e+00
6.000000000000000000e+00 2.850000000000000089e+00
6.266666666666666607e+00 2.699999999999999734e+00
6.266666666666666607e+00 2.783333333333333215e+00
6.466666666666665897e+00 2.533333333333333215e+00
6.416666666666666963e+00 2.199999999999999734e+00
6.683333333333333570e+00 2.316666666666666874e+00
6.600000000000000533e+00 2.500000000000000000e+00
6.683333333333333570e+00 2.116666666666666696e+00
7.049999999999999822e+00 1.900000000000000133e+00
7.216666666666665897e+00 1.616666666666666474e+00
7.383333333333332860e+00 1.449999999999999956e+00
7.683333333333333570e+00 1.116666666666666696e+00
7.683333333333333570e+00 1.266666666666666607e+00
7.716666666666665897e+00 1.466666666666666785e+00
7.500000000000000000e+00 1.583333333333333259e+00
7.383333333333332860e+00 1.733333333333333393e+00
8.049999999999998934e+00 1.516666666666666607e+00
7.833333333333333037e+00 1.683333333333333348e+00
7.700000000000000178e+00 1.766666666666666607e+00
7.666666666666666963e+00 1.916666666666666741e+00
7.399999999999999467e+00 1.916666666666666741e+00
7.283333333333334103e+00 2.066666666666666874e+00
6.916666666666666963e+00 2.183333333333333126e+00
7.000000000000000000e+00 2.383333333333333304e+00
6.916666666666666963e+00 2.550000000000000266e+00
6.666666666666666963e+00 2.733333333333332948e+00
6.500000000000000000e+00 2.883333333333333304e+00
6.283333333333334103e+00 3.016666666666667052e+00
6.250000000000000000e+00 3.183333333333333570e+00
6.200000000000000178e+00 3.333333333333333481e+00
5.649999999999999467e+00 3.449999999999999734e+00
5.783333333333334103e+00 3.616666666666666696e+00
6.000000000000000000e+00 3.550000000000000266e+00
6.166666666666666963e+00 3.516666666666667052e+00
6.033333333333334103e+00 3.699999999999999734e+00
5.850000000000000533e+00 3.766666666666667052e+00
5.983333333333333393e+00 3.966666666666666785e+00
6.100000000000000533e+00 4.000000000000000000e+00
6.000000000000000000e+00 4.166666666666666963e+00
6.333333333333333037e+00 3.883333333333333304e+00
6.500000000000000000e+00 3.683333333333333570e+00
6.483333333333333393e+00 3.516666666666667052e+00
6.466666666666665897e+00 3.216666666666666785e+00
6.700000000000000178e+00 3.133333333333333304e+00
6.683333333333333570e+00 3.316666666666666430e+00
6.683333333333333570e+00 3.399999999999999911e+00
6.450000000000000178e+00 4.066666666666666430e+00
6.399999999999999467e+00 4.083333333333333037e+00
6.683333333333333570e+00 3.866666666666666696e+00
6.866666666666667140e+00 3.716666666666666785e+00
6.899999999999999467e+00 3.550000000000000266e+00
7.100000000000000533e+00 3.883333333333333304e+00
7.266666666666666607e+00 3.716666666666666785e+00
7.283333333333334103e+00 3.566666666666666430e+00
7.216666666666665897e+00 3.350000000000000089e+00
6.983333333333333393e+00 3.399999999999999911e+00
6.966666666666665897e+00 3.233333333333332948e+00
7.216666666666665897e+00 3.149999999999999911e+00
7.066666666666666430e+00 3.083333333333333481e+00
6.916666666666666963e+00 2.916666666666666519e+00
6.850000000000000533e+00 2.916666666666666519e+00
7.033333333333334103e+00 2.666666666666666519e+00
7.216666666666665897e+00 2.883333333333333304e+00
7.250000000000000000e+00 2.733333333333332948e+00
7.316666666666666430e+00 2.516666666666666607e+00
7.333333333333333037e+00 2.250000000000000000e+00
7.600000000000000533e+00 2.149999999999999911e+00
7.549999999999999822e+00 2.216666666666666785e+00
7.583333333333333037e+00 2.350000000000000089e+00
7.666666666666666963e+00 2.449999999999999734e+00
7.516666666666666607e+00 2.633333333333333304e+00
7.399999999999999467e+00 2.899999999999999911e+00
7.633333333333332860e+00 2.816666666666666430e+00
7.450000000000000178e+00 3.066666666666666430e+00
7.583333333333333037e+00 3.116666666666666696e+00
7.466666666666665897e+00 3.350000000000000089e+00
7.683333333333333570e+00 3.633333333333333304e+00
7.766666666666666607e+00 3.283333333333333215e+00
7.983333333333333393e+00 3.266666666666667052e+00
7.883333333333332860e+00 3.033333333333333215e+00
7.899999999999999467e+00 2.949999999999999734e+00
8.083333333333333925e+00 2.750000000000000000e+00
8.283333333333333215e+00 2.649999999999999911e+00
7.833333333333333037e+00 2.616666666666666696e+00
7.950000000000000178e+00 2.449999999999999734e+00
7.983333333333333393e+00 2.300000000000000266e+00
7.883333333333332860e+00 2.166666666666666519e+00
7.866666666666667140e+00 1.900000000000000133e+00
8.099999999999999645e+00 1.883333333333333526e+00
8.266666666666667496e+00 2.133333333333333304e+00
1.134999999999999964e+01 1.166666666666666741e+00
1.101666666666666572e+01 1.283333333333333437e+00
1.066666666666666607e+01 1.266666666666666607e+00
1.063333333333333286e+01 1.466666666666666785e+00
1.034999999999999964e+01 1.583333333333333259e+00
1.013333333333333286e+01 1.883333333333333526e+00
1.025000000000000000e+01 2.033333333333333215e+00
1.000000000000000000e+01 2.233333333333333393e+00
1.003333333333333321e+01 2.466666666666666785e+00
9.833333333333333925e+00 2.716666666666666785e+00
1.025000000000000000e+01 2.666666666666666519e+00
1.028333333333333321e+01 2.449999999999999734e+00
1.050000000000000000e+01 2.250000000000000000e+00
1.058333333333333393e+01 1.983333333333333393e+00
1.078333333333333321e+01 2.149999999999999911e+00
1.093333333333333179e+01 2.000000000000000000e+00
1.068333333333333179e+01 1.699999999999999956e+00
1.093333333333333179e+01 1.599999999999999867e+00
1.088333333333333286e+01 1.466666666666666785e+00
1.121666666666666679e+01 1.533333333333333215e+00
1.101666666666666572e+01 1.716666666666666785e+00
1.120000000000000107e+01 1.816666666666666652e+00
1.150000000000000000e+01 1.683333333333333348e+00
1.163333333333333286e+01 1.550000000000000044e+00
1.181666666666666821e+01 1.366666666666666474e+00
1.153333333333333321e+01 1.349999999999999867e+00
1.140000000000000036e+01 1.400000000000000133e+00
1.209999999999999964e+01 1.733333333333333393e+00
1.184999999999999964e+01 1.783333333333333215e+00
1.198333333333333428e+01 2.016666666666666607e+00
1.159999999999999964e+01 1.949999999999999956e+00
1.123333333333333428e+01 2.050000000000000266e+00
1.131666666666666821e+01 2.199999999999999734e+00
1.123333333333333428e+01 2.350000000000000089e+00
1.091666666666666607e+01 2.366666666666666696e+00
1.076666666666666572e+01 2.550000000000000266e+00
1.100000000000000000e+01 2.633333333333333304e+00
1.065000000000000036e+01 2.716666666666666785e+00
1.038333333333333286e+01 2.883333333333333304e+00
1.011666666666666714e+01 2.949999999999999734e+00
9.950000000000001066e+00 3.000000000000000000e+00
1.023333333333333250e+01 3.050000000000000266e+00
9.900000000000000355e+00 3.300000000000000266e+00
1.015000000000000036e+01 3.316666666666666430e+00
1.031666666666666643e+01 3.283333333333333215e+00
1.059999999999999964e+01 3.149999999999999911e+00
1.081666666666666821e+01 2.933333333333333570e+00
1.118333333333333179e+01 2.866666666666666696e+00
1.145000000000000107e+01 2.566666666666666874e+00
1.156666666666666821e+01 2.666666666666666519e+00
1.153333333333333321e+01 2.416666666666666519e+00
1.166666666666666607e+01 2.266666666666666607e+00
1.183333333333333393e+01 2.449999999999999734e+00
1.203333333333333321e+01 2.500000000000000000e+00
1.218333333333333179e+01 2.333333333333333481e+00
1.200000000000000000e+01 2.733333333333332948e+00
1.178333333333333321e+01 2.683333333333333570e+00
1.218333333333333179e+01 2.883333333333333304e+00
1.213333333333333286e+01 3.033333333333333215e+00
1.183333333333333393e+01 3.033333333333333215e+00
1.151666666666666572e+01 2.949999999999999734e+00
1.175000000000000000e+01 3.133333333333333304e+00
1.146666666666666679e+01 3.166666666666666519e+00
1.116666666666666607e+01 3.100000000000000089e+00
1.128333333333333321e+01 3.266666666666667052e+00
1.083333333333333393e+01 3.216666666666666785e+00
1.076666666666666572e+01 3.416666666666666519e+00
1.109999999999999964e+01 3.433333333333333570e+00
1.053333333333333321e+01 3.500000000000000000e+00
1.020000000000000107e+01 3.500000000000000000e+00
1.013333333333333286e+01 3.699999999999999734e+00
1.029999999999999893e+01 3.816666666666666430e+00
1.023333333333333250e+01 3.883333333333333304e+00
1.013333333333333286e+01 4.016666666666666607e+00
1.040000000000000036e+01 4.000000000000000000e+00
1.065000000000000036e+01 3.783333333333333215e+00
1.054999999999999893e+01 3.683333333333333570e+00
1.098333333333333428e+01 3.716666666666666785e+00
1.088333333333333286e+01 3.899999999999999911e+00
1.075000000000000000e+01 4.083333333333333037e+00
1.068333333333333179e+01 4.083333333333333037e+00
1.043333333333333357e+01 4.233333333333333393e+00
1.065000000000000036e+01 4.316666666666666430e+00
1.091666666666666607e+01 4.366666666666666252e+00
1.104999999999999893e+01 4.399999999999999467e+00
1.103333333333333321e+01 4.250000000000000000e+00
1.104999999999999893e+01 4.033333333333333215e+00
1.143333333333333179e+01 3.916666666666666519e+00
1.133333333333333393e+01 3.616666666666666696e+00
1.154999999999999893e+01 3.666666666666666519e+00
1.159999999999999964e+01 3.366666666666666696e+00
1.188333333333333286e+01 3.283333333333333215e+00
1.211666666666666714e+01 3.333333333333333481e+00
1.184999999999999964e+01 3.583333333333333481e+00
1.193333333333333179e+01 3.850000000000000089e+00
1.173333333333333428e+01 3.916666666666666519e+00
1.156666666666666821e+01 3.916666666666666519e+00
1.165000000000000036e+01 4.250000000000000000e+00
1.134999999999999964e+01 4.183333333333333570e+00
1.134999999999999964e+01 4.350000000000000533e+00
1.108333333333333393e+01 4.566666666666666430e+00
1.106666666666666821e+01 4.716666666666666785e+00
1.108333333333333393e+01 4.899999999999999467e+00
1.100000000000000000e+01 5.049999999999999822e+00
1.098333333333333428e+01 5.216666666666666785e+00
1.086666666666666714e+01 5.383333333333332860e+00
1.081666666666666821e+01 5.583333333333333037e+00
1.088333333333333286e+01 5.683333333333333570e+00
1.091666666666666607e+01 5.766666666666666607e+00
1.058333333333333393e+01 5.733333333333333393e+00
1.056666666666666643e+01 5.883333333333332860e+00
1.033333333333333393e+01 5.833333333333333037e+00
1.038333333333333286e+01 5.966666666666665897e+00
1.015000000000000036e+01 6.016666666666666607e+00
1.001666666666666750e+01 6.266666666666666607e+00
1.018333333333333357e+01 6.266666666666666607e+00
1.016666666666666607e+01 6.433333333333333570e+00
1.008333333333333393e+01 6.466666666666665897e+00
9.866666666666667140e+00 6.616666666666667140e+00
9.716666666666666785e+00 6.850000000000000533e+00
1.008333333333333393e+01 6.816666666666666430e+00
1.023333333333333250e+01 6.683333333333333570e+00
1.033333333333333393e+01 6.633333333333332860e+00
1.051666666666666750e+01 6.549999999999999822e+00
1.050000000000000000e+01 6.183333333333333570e+00
1.068333333333333179e+01 6.200000000000000178e+00
1.065000000000000036e+01 6.366666666666667140e+00
1.086666666666666714e+01 6.116666666666667140e+00
1.095000000000000107e+01 5.983333333333333393e+00
1.115000000000000036e+01 5.816666666666666430e+00
1.123333333333333428e+01 5.666666666666666963e+00
1.141666666666666607e+01 5.783333333333334103e+00
1.143333333333333179e+01 6.016666666666666607e+00
1.128333333333333321e+01 6.133333333333332860e+00
1.101666666666666572e+01 6.283333333333334103e+00
1.108333333333333393e+01 6.316666666666666430e+00
1.093333333333333179e+01 6.383333333333332860e+00
1.076666666666666572e+01 6.616666666666667140e+00
1.093333333333333179e+01 6.666666666666666963e+00
1.058333333333333393e+01 6.750000000000000000e+00
1.058333333333333393e+01 6.916666666666666963e+00
1.070000000000000107e+01 7.049999999999999822e+00
1.051666666666666750e+01 7.200000000000000178e+00
1.021666666666666679e+01 7.100000000000000533e+00
9.983333333333332504e+00 7.200000000000000178e+00
9.833333333333333925e+00 7.200000000000000178e+00
1.011666666666666714e+01 7.350000000000000533e+00
1.034999999999999964e+01 7.333333333333333037e+00
1.051666666666666750e+01 7.399999999999999467e+00
1.031666666666666643e+01 7.549999999999999822e+00
1.009999999999999964e+01 7.700000000000000178e+00
9.866666666666667140e+00 7.716666666666665897e+00
9.783333333333333215e+00 7.516666666666666607e+00
9.733333333333332504e+00 7.950000000000000178e+00
1.025000000000000000e+01 8.000000000000000000e+00
1.031666666666666643e+01 8.049999999999998934e+00
1.048333333333333250e+01 7.899999999999999467e+00
1.065000000000000036e+01 7.716666666666665897e+00
1.084999999999999964e+01 7.350000000000000533e+00
1.086666666666666714e+01 7.516666666666666607e+00
1.108333333333333393e+01 7.416666666666666963e+00
1.121666666666666679e+01 7.299999999999999822e+00
1.116666666666666607e+01 7.100000000000000533e+00
1.103333333333333321e+01 6.916666666666666963e+00
1.126666666666666572e+01 6.799999999999999822e+00
1.128333333333333321e+01 6.666666666666666963e+00
1.138333333333333286e+01 6.433333333333333570e+00
1.161666666666666714e+01 6.283333333333334103e+00
1.176666666666666572e+01 6.183333333333333570e+00
1.179999999999999893e+01 6.450000000000000178e+00
1.151666666666666572e+01 6.583333333333333037e+00
1.168333333333333179e+01 6.666666666666666963e+00
1.198333333333333428e+01 6.616666666666667140e+00
1.211666666666666714e+01 6.866666666666667140e+00
1.183333333333333393e+01 6.850000000000000533e+00
1.148333333333333428e+01 6.883333333333332860e+00
1.146666666666666679e+01 7.083333333333333037e+00
1.166666666666666607e+01 7.016666666666666607e+00
1.191666666666666607e+01 7.100000000000000533e+00
1.168333333333333179e+01 7.166666666666666963e+00
1.153333333333333321e+01 7.350000000000000533e+00
1.140000000000000036e+01 7.250000000000000000e+00
1.208333333333333393e+01 7.316666666666666430e+00
1.190000000000000036e+01 7.433333333333333570e+00
1.183333333333333393e+01 7.633333333333332860e+00
1.195000000000000107e+01 7.750000000000000000e+00
1.209999999999999964e+01 7.933333333333333570e+00
1.181666666666666821e+01 8.033333333333333215e+00
1.163333333333333286e+01 7.833333333333333037e+00
1.140000000000000036e+01 7.633333333333332860e+00
1.128333333333333321e+01 7.766666666666666607e+00
1.108333333333333393e+01 7.783333333333334103e+00
1.081666666666666821e+01 7.899999999999999467e+00
1.120000000000000107e+01 7.966666666666665897e+00
1.141666666666666607e+01 7.983333333333333393e+00
1.141666666666666607e+01 8.033333333333333215e+00
1.179999999999999893e+01 8.233333333333332504e+00
1.171666666666666679e+01 8.433333333333333570e+00
1.146666666666666679e+01 8.299999999999998934e+00
1.123333333333333428e+01 8.283333333333333215e+00
1.075000000000000000e+01 8.150000000000000355e+00
1.083333333333333393e+01 8.233333333333332504e+00
1.048333333333333250e+01 8.150000000000000355e+00
1.051666666666666750e+01 8.400000000000000355e+00
1.034999999999999964e+01 8.333333333333333925e+00
1.008333333333333393e+01 8.099999999999999645e+00
9.933333333333333570e+00 8.266666666666667496e+00
9.866666666666667140e+00 8.500000000000000000e+00
9.900000000000000355e+00 8.683333333333333570e+00
1.016666666666666607e+01 8.500000000000000000e+00
1.021666666666666679e+01 8.666666666666666075e+00
1.041666666666666607e+01 8.683333333333333570e+00
1.048333333333333250e+01 8.983333333333332504e+00
1.025000000000000000e+01 8.966666666666666785e+00
1.021666666666666679e+01 9.049999999999998934e+00
1.041666666666666607e+01 9.283333333333333215e+00
1.061666666666666714e+01 9.250000000000000000e+00
1.090000000000000036e+01 9.400000000000000355e+00
1.108333333333333393e+01 9.183333333333333570e+00
1.079999999999999893e+01 9.033333333333333215e+00
1.071666666666666679e+01 8.883333333333332860e+00
1.078333333333333321e+01 8.650000000000000355e+00
1.098333333333333428e+01 8.500000000000000000e+00
1.128333333333333321e+01 8.683333333333333570e+00
1.101666666666666572e+01 8.833333333333333925e+00
1.121666666666666679e+01 9.000000000000000000e+00
1.136666666666666714e+01 9.116666666666667140e+00
1.140000000000000036e+01 9.316666666666666430e+00
1.154999999999999893e+01 8.950000000000001066e+00
1.175000000000000000e+01 8.666666666666666075e+00
1.190000000000000036e+01 8.716666666666666785e+00
1.146666666666666679e+01 8.533333333333333215e+00
7.100000000000000533e+00 6.933333333333333570e+00
6.716666666666665897e+00 6.966666666666665897e+00
6.399999999999999467e+00 7.116666666666667140e+00
6.366666666666667140e+00 7.283333333333334103e+00
6.149999999999999467e+00 7.600000000000000533e+00
6.250000000000000000e+00 7.649999999999999467e+00
6.466666666666665897e+00 7.666666666666666963e+00
6.516666666666666607e+00 7.416666666666666963e+00
6.600000000000000533e+00 7.283333333333334103e+00
6.833333333333333037e+00 7.283333333333334103e+00
7.149999999999999467e+00 7.149999999999999467e+00
7.233333333333333393e+00 7.299999999999999822e+00
7.133333333333332860e+00 7.433333333333333570e+00
7.000000000000000000e+00 7.533333333333334103e+00
7.049999999999999822e+00 7.649999999999999467e+00
6.833333333333333037e+00 7.616666666666667140e+00
6.583333333333333037e+00 7.883333333333332860e+00
6.399999999999999467e+00 7.899999999999999467e+00
6.149999999999999467e+00 8.116666666666667140e+00
6.883333333333332860e+00 7.950000000000000178e+00
6.883333333333332860e+00 8.099999999999999645e+00
6.566666666666666430e+00 8.200000000000001066e+00
6.716666666666665897e+00 8.349999999999999645e+00
7.383333333333332860e+00 8.366666666666667140e+00
7.200000000000000178e+00 8.216666666666666785e+00
7.233333333333333393e+00 7.933333333333333570e+00
7.299999999999999822e+00 7.883333333333332860e+00
7.516666666666666607e+00 7.833333333333333037e+00
7.516666666666666607e+00 8.099999999999999645e+00
7.766666666666666607e+00 8.150000000000000355e+00
8.083333333333333925e+00 8.116666666666667140e+00
7.933333333333333570e+00 8.416666666666666075e+00
7.799999999999999822e+00 7.933333333333333570e+00
7.633333333333332860e+00 7.733333333333333393e+00
7.433333333333333570e+00 7.600000000000000533e+00
7.399999999999999467e+00 7.466666666666665897e+00
7.700000000000000178e+00 7.233333333333333393e+00
7.616666666666667140e+00 7.299999999999999822e+00
7.549999999999999822e+00 7.033333333333334103e+00
7.716666666666665897e+00 7.533333333333334103e+00
8.033333333333333215e+00 7.299999999999999822e+00
8.233333333333332504e+00 7.399999999999999467e+00
8.099999999999999645e+00 7.533333333333334103e+00
8.049999999999998934e+00 7.766666666666666607e+00
7.966666666666665897e+00 7.816666666666666430e+00
1.733333333333333393e+00 7.166666666666666741e-01
2.116666666666666696e+00 6.500000000000000222e-01
2.250000000000000000e+00 7.666666666666666075e-01
1.966666666666666785e+00 7.999999999999999334e-01
1.800000000000000044e+00 9.000000000000000222e-01
1.616666666666666474e+00 9.666666666666666741e-01
1.616666666666666474e+00 1.116666666666666696e+00
1.716666666666666785e+00 1.150000000000000133e+00
1.900000000000000133e+00 1.150000000000000133e+00
2.066666666666666874e+00 1.000000000000000000e+00
2.066666666666666874e+00 1.066666666666666652e+00
2.550000000000000266e+00 7.166666666666666741e-01
2.399999999999999911e+00 9.166666666666666297e-01
2.250000000000000000e+00 1.066666666666666652e+00
2.250000000000000000e+00 1.183333333333333348e+00
2.216666666666666785e+00 1.266666666666666607e+00
1.933333333333333348e+00 1.333333333333333259e+00
1.650000000000000133e+00 1.349999999999999867e+00
1.699999999999999956e+00 1.449999999999999956e+00
1.900000000000000133e+00 1.483333333333333393e+00
1.816666666666666652e+00 1.616666666666666474e+00
2.233333333333333393e+00 1.599999999999999867e+00
2.183333333333333126e+00 1.683333333333333348e+00
2.399999999999999911e+00 1.633333333333333526e+00
2.066666666666666874e+00 1.416666666666666741e+00
2.366666666666666696e+00 1.433333333333333348e+00
2.616666666666666696e+00 1.500000000000000000e+00
2.533333333333333215e+00 1.383333333333333526e+00
2.416666666666666519e+00 1.183333333333333348e+00
2.600000000000000089e+00 1.116666666666666696e+00
2.683333333333333570e+00 9.166666666666666297e-01
2.833333333333333481e+00 1.083333333333333259e+00
2.699999999999999734e+00 1.183333333333333348e+00
2.716666666666666785e+00 1.333333333333333259e+00
8.716666666666666785e+00 5.333333333333333259e+00
8.136666666666666785e+00 5.733333333333333259e+00
9.286666666666666785e+00 6.433333333333333259e+00
9.086666666666666785e+00 1.433333333333333259e+00
