   0.30655
   0.02794
  -0.77825
   1.06402
   2.01591
  -0.04488
   0.44725
   0.65370
   0.41542
   0.48300
   0.90905
   0.07514
   0.86363
   0.41129
   0.02924
  -0.23383
   0.74572
   0.32370
   0.43435
   0.90325
   0.67832
   0.87301
   0.55116
   0.76719
   1.05116
   0.08076
   1.28226
   1.74751
  -0.15435
  -0.08184
   1.70329
   0.60083
   0.57196
   0.09820
   0.31691
   0.32471
   0.34607
   0.11317
   0.33259
   1.00813
   0.66913
   2.53861
   1.67394
   0.70287
   1.19448
   0.26903
  -0.43599
   1.66612
   1.57029
   0.58137
   0.00135
   1.71652
  -0.42661
  -0.80383
   0.76859
   2.30751
   1.59092
   0.42921
   0.85102
   1.32685
  -0.57644
   0.76892
   0.43387
   0.60110
   1.61488
   1.72430
   0.34148
   1.02924
   0.15425
   1.39749
   1.19071
  -0.34588
   1.73542
   0.10266
   0.69703
   0.97918
   0.01185
   1.65167
   0.97913
   1.52911
   1.08855
   0.47727
   0.11506
  -0.24108
   1.67719
   0.68127
  -0.85052
   1.61125
   0.72700
   0.43007
   0.16095
  -0.88918
   0.31964
   1.63130
  -0.02858
   0.65870
   0.16328
   0.68987
   0.23678
  -0.12501
  -0.28155
  -0.74439
  -0.09427
   0.15840
  -0.60034
  -0.60724
   0.34943
  -0.04024
  -0.38437
  -0.26209
  -0.71307
  -0.19079
   0.09634
  -0.49703
  -0.77005
  -1.02221
  -0.88367
  -1.56740
  -0.07874
  -0.63452
  -0.30007
  -0.58004
  -0.39021
  -1.88767
  -0.09604
  -1.02558
  -0.64558
  -0.05099
  -1.82319
  -0.97036
  -0.50892
  -0.83970
  -1.27567
  -0.02590
   0.05571
  -0.86904
  -0.97572
   0.73653
  -0.76766
  -0.41753
  -1.11073
  -1.34952
  -1.77653
  -0.75891
  -0.78564
  -0.23352
  -0.83289
  -2.27272
  -1.75808
  -1.45859
   0.08837
  -1.89809
   0.13970
  -1.72067
  -1.11943
  -0.30012
  -1.53416
  -0.35717
  -1.94896
  -0.78022
  -1.08637
  -1.30117
  -1.33738
  -1.63758
  -2.40883
   0.64986
  -1.02808
   0.12880
  -1.34342
   0.13494
  -0.70248
   0.01640
  -0.86947
  -0.22036
  -0.60170
  -1.33716
  -1.86146
  -0.72434
  -0.94080
   0.45615
   0.16238
  -1.33144
   0.74475
   0.90520
   0.53204
  -1.36267
  -0.78471
  -0.33809
  -0.76061
  -0.99569
   0.02383
  -1.08759
   0.65043
  -1.49613
  -0.69889
  -1.66529
   0.03987
   0.25777
   1.20295
  -0.46772
   2.34138
  -0.51695
   0.89101
   0.16073
   1.59976
   1.07951
   1.23500
   0.36016
   1.49626
   0.55922
   1.60132
   0.81882
   0.03125
   0.74523
   0.07784
   0.73214
   0.66704
  -0.43056
   0.36366
   1.61627
  -0.81082
   2.48992
   1.50928
   0.11386
   0.53867
   0.86960
   0.09081
   2.37360
   0.87321
   1.30212
   0.09664
   0.44675
   0.13256
   0.95208
   0.68629
   1.41694
   1.27377
   1.99537
   0.55841
   0.49289
   0.03627
   1.05475
   0.86570
   0.37481
   0.75511
   1.56685
   1.83046
  -0.61653
   1.72702
   0.03816
   1.46599
   0.02523
   2.41932
   1.09796
   0.51507
   0.68208
  -0.83786
   0.99231
   0.88609
   0.87524
   0.62615
   1.45969
   1.48598
  -0.14480
  -0.22956
   0.82483
   0.88390
  -0.40362
   0.55250
   1.19753
   0.62759
   0.21020
   1.59342
   1.32148
   0.00053
  -1.06629
  -0.76879
  -0.32311
   0.90468
   0.11615
   0.44337
   0.37713
   0.50866
   0.99506
  -0.48460
  -0.99970
  -0.10977
  -1.07585
  -1.12961
   0.76374
   0.37594
   0.59577
  -0.03609
   0.62121
  -0.17558
  -0.00262
  -0.40423
  -1.18864
   0.11117
  -0.55120
  -0.21385
   0.43946
  -0.36345
  -0.85536
  -1.13379
   0.16566
  -0.51329
  -0.29883
  -0.33934
  -1.52552
  -0.26954
  -0.81292
  -0.46401
  -0.48546
  -0.85719
   0.58846
  -1.08418
   0.20495
  -0.17658
   0.45867
   0.40023
   0.74178
  -1.97455
  -0.86026
  -1.53837
  -0.37965
  -0.95088
  -0.89085
  -1.14438
   0.41597
  -1.95028
   0.21456
  -1.64390
  -0.56442
  -1.37421
  -2.56313
  -0.56423
  -0.78690
  -0.43301
  -0.86769
  -1.62303
  -0.94612
  -0.67875
  -1.51491
   0.08123
  -0.65491
  -0.63167
  -0.15932
  -1.76505
  -0.95355
  -1.59452
  -1.34568
  -0.90575
  -1.98841
  -0.64201
  -1.12463
  -1.57475
   0.18014
  -1.47167
   0.61336
  -2.41921
  -1.54074
  -0.91257
  -0.81226
   0.22195
  -1.43251
  -0.66666
  -1.69975
  -1.95676
  -0.29370
  -1.04377
   1.26919
  -0.44925
   0.28398
  -0.80585
   0.21065
  -1.58180
  -0.59241
  -0.04725
   0.90393
  -0.74382
  -0.93289
  -0.98586
  -1.26846
  -0.02427
  -1.88267
  -1.17707
  -1.17436
  -0.76636
  -0.35250
   0.01058
  -0.09366
   0.09115
   0.92735
   0.43792
  -0.71437
  -0.75807
   0.19188
   1.07506
   1.36173
