2.123264888013088880e-01 1.355851439884728116e+00
-6.192375484610633807e-01 6.689128275159905712e-01
-2.939088269634967387e-01 8.802694888150734975e-01
-2.879555930901550598e-01 4.973894499986283302e-01
-9.760660491090903390e-01 -1.838716842109799909e-01
-9.701324366674496380e-01 -3.306382972020575073e-01
7.565601209356336287e-01 1.575009217544059315e+00
-3.453151896091781747e-01 7.008340755622521900e-01
-5.228805466066639429e-01 7.927146777156488522e-01
-1.518949290403579955e+00 -9.602361111650279391e-01
-1.513979858929241362e-01 8.041124462536826112e-01
-1.102463069618704328e+00 3.086995374467758069e-01
-1.147040241802419924e+00 5.386102307168481040e-01
1.219175172459860956e-01 9.505687860179197202e-01
-5.568588520909073525e-02 1.659893150920997096e+00
-4.510791508234568425e-01 5.861332653379236479e-01
-1.711126799249613195e-01 8.084061949625125365e-01
-6.332471765427769572e-01 1.226749098056253429e+00
-2.931788346472595230e-01 4.465134607471596406e-01
8.830885967328656605e-01 2.270939425063882133e+00
3.686539778164525938e-01 1.659531281854212725e+00
-3.310627429761915153e+00 -1.951951163191837146e+00
6.089607757404758015e-01 1.529332406643424402e+00
-1.395703361402284015e-02 8.382833495792234579e-01
7.489450381519184852e-01 1.417109978510764146e+00
-3.249542629525209669e+00 -1.769587040229301245e+00
1.463596085489111243e+00 2.174169765238203489e+00
-1.594342541628918530e+00 -5.153331745891438498e-01
6.931903950685498472e-01 9.351641040197244958e-01
-1.839177063175496452e+00 -3.702598686539941841e-01
1.895789106381720046e+00 2.253080830495981068e+00
-9.852340426127917938e-01 6.383707674006836585e-01
-7.656066515313040277e-01 1.977190636089162235e-01
-1.201290931301798093e+00 -5.456911833180899674e-02
-1.126209366208052121e+00 -5.452347670198902652e-01
-3.572400173167190607e-01 6.209305040106083418e-03
1.990615430537632236e-01 5.178264441257653949e-01
-1.020912909725978368e-01 1.339489131223533969e+00
3.285569401657151278e-02 1.947731166244556889e+00
-8.892727829735305178e-01 4.019359532025993387e-01
4.266965735101804214e-01 2.041237640198304781e+00
8.758430074650769281e-02 1.101339671999511438e+00
-1.624096943135319604e+00 2.629192982811134893e-02
-2.397708493524092210e-02 1.161771942358934329e+00
-1.344561367917617600e+00 4.428875241583740685e-02
3.233915685770971660e-02 2.312161239572335880e+00
2.375047264869775354e+00 2.852338755729936892e+00
-1.135933404981975259e-01 1.252339048696403445e+00
-1.992411456572686035e+00 -1.107921465687522478e+00
-1.369153842170830249e+00 4.977338203735909850e-01
1.028389178066646537e-02 7.505885947534414182e-01
-1.983158377070857181e+00 -1.816116660138205940e+00
-1.649956826942475807e-01 1.272926614505667686e+00
-1.319862879569494440e+00 -4.255226587808269567e-01
-7.080185683633650751e-01 -1.518395981657254534e-01
-7.974498268928706946e-01 2.214045613689749614e-01
-1.383256566226234607e+00 -1.024258936188096047e-01
-2.566434799066871220e-01 4.782183358220942759e-02
2.163282596853993045e+00 3.501270011115785952e+00
9.600815061812717488e-01 1.573231689225966123e+00
8.767831658681086715e-01 1.439044010500704296e+00
1.520299774446173036e+00 2.306294118274339500e+00
-1.801491017776425174e+00 -3.081754738789792558e-01
-1.244373209682223091e+00 -1.006482586538642865e-01
1.232092906272092003e-01 1.047312919165896083e+00
9.069408570521755308e-01 1.811573323099753718e+00
-1.882921547624426761e+00 -6.210170149069769163e-01
6.368412864376105098e-02 1.044082220154371576e+00
-1.355263338574008047e+00 -5.016700808308218740e-01
-1.324498115648257146e-01 1.024667959967632491e+00
-3.461666951347530663e-02 7.352927260376729279e-01
7.426916096664877287e-01 1.189346556773092312e+00
-2.357836487435788220e-02 1.315008203383658758e+00
8.768377991723774745e-01 1.578999831293159239e+00
-1.134649640826526751e+00 3.788814228818750962e-01
-1.345778144226883466e+00 -4.290854812639712801e-01
7.283375969635956793e-01 1.220779888204030605e+00
-1.066903344772498041e+00 -1.761480610835132188e-01
-5.178756888756961274e-01 5.837923088705243568e-02
-1.377227069663891523e+00 1.780430249336950599e-02
-8.230790563350612876e-01 -1.272085888800567055e-03
-5.549726847395828333e-01 1.665764499078218330e-01
2.762120588395640119e-01 5.913571685168808045e-01
-6.626371450365564630e-02 2.217136284909325683e-01
-2.699926730061248392e-01 -7.144105141739387488e-02
1.564669484918332465e+00 2.300629691975533575e+00
-4.004227776241920944e-01 9.667469077044754666e-01
2.032939742453845344e-01 1.179337574125782107e+00
1.671336919133972199e-01 1.513285146694211436e+00
-9.412195723681774373e-01 -3.174183201006464117e-01
-2.083083640114636204e+00 -1.353266841918783880e+00
-1.188424943737753647e-02 7.640592021673970891e-01
-9.619795196776568247e-01 -1.730051565810738490e-01
4.243495597431767852e-01 1.836728893660256157e+00
-1.883963764987443557e-01 9.913038408469696527e-01
-2.938713023023309390e+00 -1.503953848595015685e+00
-1.334751672824616708e-01 -1.003932277420189756e-01
3.133205177876631220e-01 1.235157384678871040e+00
7.218525380575213646e-03 1.024114594008460166e+00
6.873944948970234226e-01 2.062924094505057759e+00
1.888182206751928716e+00 2.867822389336190936e-01
-6.835551674779298814e-01 -7.849821336452414977e-01
1.172002886567562019e+00 6.110154067672790568e-02
3.042562451636374732e-01 -1.109073106868960101e+00
-2.238053316523772596e-01 -2.453498571075384938e+00
5.538566285718106164e-01 -5.989424702812533585e-01
1.354805005383103111e+00 8.621137596167112171e-01
2.120684536209545001e+00 3.316824314782171879e-01
9.408129590623353078e-01 -1.321553274874335493e+00
1.113614508198983000e+00 5.044536411661597608e-01
-7.390890797507010390e-01 -2.043579799016059795e+00
-1.563194401011421153e+00 -2.269043940933714865e+00
-1.012455386419556902e+00 -2.173973130724976777e+00
3.930841058120640996e-01 5.914016126895305092e-02
1.048534949112174708e+00 -4.143809350004808989e-01
1.429701931303749785e+00 7.253834240332728278e-01
1.410901792315503167e+00 -3.574410974244473516e-01
6.613896966384497089e-01 -5.567398690514480109e-03
7.918993027759471115e-01 2.963997514308713832e-02
-2.962342198323121290e-01 -1.139991355177866872e+00
3.496627994755412416e-01 -8.938564775943000917e-01
-8.688450664102509435e-02 -1.953405795911228537e+00
1.045181272195839339e+00 7.207016596914481710e-01
1.881208540962954867e+00 7.451939118919503890e-01
6.734871150971686316e-01 -6.638047273955803851e-01
1.255117715471984363e+00 2.615505898894465719e-01
1.633194430885648973e+00 9.353927879421419789e-01
1.008455611017719633e+00 -2.380630116749004044e-01
-5.928910621647092150e-01 -1.852839308313459332e+00
-1.048361535361075347e-01 -3.573931136366489958e-01
3.145309940004800686e-01 -7.152472682327437603e-01
2.774095997647018308e+00 1.419361622059029049e+00
-4.229721472190306475e-02 -1.167500404608483144e+00
-5.009485596183560485e-02 -8.601172046563076989e-01
1.553825415770863305e+00 8.691771479567558245e-01
9.725699763704508394e-01 -7.172137292960942823e-01
1.698848367025749928e+00 5.904252284572435450e-01
1.566788533404158912e+00 1.352494915982980217e+00
2.087844222498535629e+00 5.952855324885397703e-02
-9.509140107606062209e-03 -1.951119240053792447e+00
-9.258810104349139980e-01 -1.691333458841852933e+00
7.479824625146236361e-01 -5.178436804106355540e-01
2.612953326847832769e-01 -3.326065266377221663e-01
-5.135687683538248116e-01 -1.429374074575169518e+00
1.112019674488237575e+00 -3.067326692185305959e-01
1.010495012662082193e+00 -4.806383223539917315e-01
1.625441737585897384e+00 7.320603475522518000e-01
1.554924754834594802e+00 5.819687458105333722e-01
-1.954706445719035512e-01 -7.529967407129859458e-01
-1.175540950255896000e+00 -2.546557627915060795e+00
4.370768552196799828e-01 -1.263618640715582719e+00
-3.323044325569541879e-01 -1.158953047956986726e+00
-5.399420772109728706e-01 -1.678179804364273497e+00
1.659097722181134271e-01 -1.295284891323381871e+00
1.865514472257885914e-01 -2.411044872385783022e-01
-3.545946611686945360e-03 -8.982386237383239713e-01
1.627793422727156436e+00 -3.489942451517159538e-01
6.181222041194577299e-01 -6.171582317597149592e-01
-1.451598666538878035e-01 -1.586885005487438605e+00
3.826211529024482472e-01 -8.098180191760810942e-01
6.110462478594914648e-01 -1.884276246680309241e-01
-2.575759003922862833e-01 -1.032412055005708096e+00
6.918677757048421473e-01 2.134920761206782203e-02
1.047994926259496751e+00 2.162522889828453199e-01
8.259519441470847267e-01 -8.515692691673164560e-01
-1.717391351093009888e+00 -2.103855241739697401e+00
2.359838512149710965e+00 7.088035408510549029e-01
9.242840398979661476e-01 -1.115957670142982749e+00
-8.832679696552618864e-01 -1.699072449278103303e+00
-1.221801967894109442e-02 -1.141361053812949944e+00
7.985387994831560921e-03 -7.108034487258653167e-01
1.365420966119250235e+00 5.550493818239088384e-02
1.159152066431373473e+00 1.606252541778538934e-01
1.550425654993969893e-01 -4.141156132955959857e-01
-1.721958072042524268e-01 -5.772229876215082545e-01
1.652599941338857459e+00 1.469105750867254478e-01
1.879610819384331277e+00 9.805376226656556948e-01
4.871186283318631460e-01 -8.071418210164320595e-01
1.549422154554605857e+00 9.137919537902665645e-01
8.595887782998046234e-01 4.215435202163738682e-01
8.555060756874436345e-01 -6.730029182522171416e-01
-9.938987296286694306e-02 -6.687438454539055277e-01
1.251920119940048703e+00 -1.281549024528720326e-01
1.916552768778084226e-01 -6.260137374384724396e-01
-2.704171972805207158e-01 -1.245052118360606697e+00
2.942591513657820679e-01 -3.188423845210595076e-01
6.591827632557838434e-01 5.808271692891051607e-01
-1.573886537269091335e+00 -2.289231734778901739e+00
-4.944679457533387446e-01 -1.769033405990928065e+00
5.783998287579099618e-01 -5.524332574737848001e-01
1.137943290944438912e+00 8.602444121083490103e-01
1.073109566395989978e-01 -1.417110287063528151e+00
1.011366130273319897e+00 -5.424353460114644809e-01
1.938528433631508952e-01 -6.811841383821604090e-01
-6.908523792538485697e-01 -1.317172302623417668e+00
6.058104150963016243e-01 -5.384860636320977223e-01
7.359263286905437518e-02 -4.885583184756381314e-02
-3.702348158953893131e-01 -1.409795000226394368e+00
7.292777752391801371e-01 -4.215761987602647531e-01
5.277559107143547923e-01 9.522510424897978609e-02
