1.701707970085664323e+00 1.202047345478143431e-01
-3.565242197579067129e-01 -9.709937696305870336e-02
5.672693888385547112e-01 -2.085684299814274945e-02
1.141383524556618845e+00 -3.577708365080279340e-01
1.530435618739886650e+00 1.498350860010297381e-01
3.041039292399241312e+00 -2.067151516505986997e-01
1.190121827668777277e+00 -1.728232734488964473e-01
3.193193456748419923e+00 5.011311929640057672e-01
1.155252318669580225e+00 -3.932368846839597309e-01
8.779901904962899017e-01 2.350334264965872610e-01
3.142186432201821145e+00 1.504018004322801860e-01
2.169728719948357920e+00 -1.342819200651821643e-01
9.916384214283925358e-01 5.496756526876210858e-01
3.134682766077157012e+00 3.100182492908040155e-01
4.700799026561942595e-01 3.847839701298810117e-02
1.894538318390103893e+00 4.336425097745332802e-01
2.810992489749069456e+00 -1.984428415705608850e-01
-7.815009954076652943e-02 -1.171619490199705821e-01
1.987429209714524525e+00 -2.638312308224203262e-01
2.940456146712463248e+00 2.393477965457478374e-01
1.868997191902229460e+00 -2.315416554533469840e-01
2.462444829998900353e+00 -3.670309411853867054e-01
-2.975954748784553905e-01 7.919447600094016437e-02
9.702357911120572664e-01 -1.175166782731034976e-01
2.488543890797693670e-01 9.672356321782410449e-02
-1.732687850512820661e-03 -6.113254057532367669e-02
1.219565206895262266e+00 -3.220266436363670992e-02
1.082788209063823670e+00 -8.368149415231108945e-02
-1.290191372901358380e-01 -1.031566116500900326e-01
4.927729864406484861e-01 4.606037275677674070e-01
2.023259358249774209e+00 -2.079600014289211818e-01
3.645546833107163875e-01 -5.100737684698535002e-02
2.183348938655662597e+00 9.263007940087811254e-02
4.645591934073948215e-01 -8.418741204649501930e-02
1.722610499256350125e-01 -3.752059848981726398e-01
9.865562299440402416e-01 -3.865178588109459412e-02
2.133736034027051698e+00 -5.750921662797446876e-01
2.576388017834422062e+00 -2.696733357258529473e-02
1.786054486573619426e+00 -1.851210831937017201e-02
7.665504288744667827e-01 -2.094779029768071427e-03
3.047843344050926273e+00 -3.588779126662003383e-01
3.246444761009904312e+00 -8.847591083746156326e-02
1.024629633933364037e+00 -5.299565562825069298e-01
-7.926834218582878844e-02 2.778863285159627883e-01
-3.557125185123962141e-01 3.774653884794509362e-01
9.536733960666484711e-01 -2.986173738594193883e-01
-3.948634771113042619e-01 1.967763694843995548e-01
2.343700878096146301e-01 1.946670495295849401e-01
3.681357117065205298e+00 -1.794468947530095670e-01
2.054753342474175959e-01 4.090961476765513916e-01
3.038381507553999938e+00 -2.727931880395829609e-02
-4.924678606567678418e-01 -2.706447951976751476e-01
8.477093507140814888e-01 1.699222371729731396e-01
2.288327372745166954e+00 1.176654755152978099e-01
2.397410454771984334e+00 -4.285293547235993206e-01
1.088757519945094954e+00 4.510478978217853374e-01
2.164232703430365667e+00 -6.820513371069951702e-01
1.843331886279537590e+00 -1.773907124245446831e-02
1.113804351776970680e+00 2.900424631398548225e-01
2.003954550419253078e+00 3.497255730439269295e-01
2.885497654709455517e+00 5.502877790093516630e-01
3.324926951724183066e+00 -1.496122821576903114e-02
9.092578291391535394e-01 2.571852828005444791e-01
3.877162499912537030e-01 1.254741555959602850e-01
2.126964112975003651e+00 -2.614951682428193550e-02
-4.171288261391416508e-01 1.795786687277695914e-01
1.086182305147473715e+00 -1.453599560841835336e-01
5.704190871568274625e-03 3.263179266010077240e-01
6.082439509182200332e-01 3.044371555070564672e-01
1.989636620755064866e+00 -2.678852676936157098e-02
-1.233368334648858172e-01 -4.433979423325198344e-01
2.160670231931216989e+00 -2.195127340745032241e-01
3.195725431773381309e-01 1.301296017292615514e-01
1.142612732526495645e+00 -1.609666707949084785e-01
2.539676427872641806e+00 6.219893378929641781e-02
9.544252706918072704e-01 -4.598961182945056070e-01
7.215880500411706033e-02 -2.821472217061467558e-01
2.167441575351556349e+00 1.096386241935388001e-01
3.177115222089161417e+00 -1.146821214749113443e-01
1.037872001590819160e+00 3.032100209801322221e-01
2.284225077129777404e+00 -1.081834134838904338e-01
2.865589166302441981e+00 -2.184571558063830576e-01
2.417354915138292260e-01 2.164931147475205112e-02
2.921132928284121633e+00 -6.135761294927680187e-02
2.263726185441982786e+00 1.227936194465742079e-02
9.662019649605801952e-01 -2.727344725918346979e-01
2.865172741065792117e+00 -6.267532780810339266e-02
-4.625783927695050757e-01 -4.639273912731931709e-02
4.987510200430304158e-02 1.137422820892162595e-01
1.983490840302907898e+00 -3.023143512517820763e-01
1.755259152303130010e+00 -3.304756013717901619e-01
2.247282539531183954e+00 2.517773343885507109e-01
1.181305417139551839e+00 1.002710936568333017e-01
2.702512162307836086e+00 -2.314296572365098434e-02
1.996738527003509622e+00 -1.042205129556840193e-01
2.261947308270257084e-01 2.531543347318181980e-01
1.427924659828949949e-01 -3.516872719236654454e-01
2.315494203169348619e+00 -5.718842740130822278e-02
1.974994861788741840e+00 -2.950770358416917455e-02
1.889382117777133940e+00 2.088230313772865554e-01
1.505734697188969573e+00 -7.531966259821111509e-02
1.526758053263883808e+00 1.012188866031153711e-01
2.885745249226316478e+00 -3.108474105470541149e-01
-3.301619696459380249e-01 -2.657955564061719941e-02
1.955419945341109411e+00 -1.976659024564423606e-01
8.003017493992464759e-01 -2.746924262984113407e-01
3.865617293669494914e-01 -2.579612426534708125e-01
2.822355807609480127e+00 3.750550228094705063e-01
3.082661038322093816e+00 -3.277881259448571852e-03
2.855281724559876055e-01 -2.313068563760822469e-02
2.564215679022154415e+00 -6.377228912242924874e-01
1.502340887897262722e-01 5.716015802879144125e-01
2.710842471358937633e+00 -7.582941385765872011e-02
5.625215615915800660e-01 1.112301526853727435e-01
1.431902648316563553e+00 -4.327939283758995559e-02
3.567225619666282821e+00 -2.505748988330973037e-01
1.822293853646100192e+00 -3.200274806405791761e-01
9.173493087843990201e-01 8.618822617839218270e-02
1.903258218747677200e+00 -1.163991162919753436e-01
3.063059589746278011e+00 6.834273717630064970e-01
2.066434545574390658e+00 -2.244260799298805897e-01
3.057324223215294623e+00 -1.860589127070800264e-01
2.349344705344665662e+00 5.171759725675258990e-01
-9.096856041374727642e-02 -9.610651173938057623e-02
1.002543283380382011e+00 -3.597969088967769569e-01
-5.917495225701826511e-01 -2.990954192281006785e-01
1.782796709965699167e+00 2.122817811675417610e-01
-2.666772677694935756e-01 7.837726433723268826e-02
1.362368208323221808e+00 -2.402078076222223246e-01
-4.159431646268065275e-01 9.091018358783006792e-02
2.949778937115751454e+00 -3.238644969674623897e-01
1.961492062692608007e-01 -4.244510780961587293e-01
5.442174116152399543e-01 4.637199310178725664e-01
7.661187920323941913e-01 2.873525273880894182e-01
2.594760966937755153e+00 -8.823277253151011468e-02
2.244482470718988765e+00 -8.008165421185491073e-02
3.173694138352517236e+00 -8.171988124079809790e-02
3.234718729352808797e+00 -3.993979407463987830e-01
3.077938552715183906e+00 -2.465163673068731520e-01
2.054026520819616675e+00 2.084403476492636964e-01
7.835937050500410006e-01 6.427404121743443555e-02
-8.877538017880483301e-02 -1.247927914725732723e-01
1.294924579763975458e+00 3.683605152116969927e-02
2.978278034605084112e+00 -9.067450368969502683e-02
3.006196404875291606e+00 -3.076792399742420692e-01
4.459495418354672003e-01 -5.625664968572601232e-01
1.072838177531219711e-01 -5.845617774378554232e-01
-3.242853001109510802e-01 7.113788960331826616e-02
2.073594107624956162e-01 3.190667316699372091e-01
1.240483622538390007e-01 -3.415024709191807895e-02
3.175045538468009632e+00 1.467121263610232651e-01
3.381452737208808235e-01 4.415301287379797858e-03
9.242267412761577816e-01 1.496811792200052615e-01
2.681998632034828134e+00 1.568701763048823417e-01
1.857366599849610500e+00 1.927623971754786336e-01
8.642517311694624116e-01 -2.005691545617296623e-01
3.084348881603374615e+00 2.257008906235376255e-02
-1.235742958487158760e-01 -1.295219047944877744e-01
7.563223122469913129e-01 5.801822921939900901e-01
-3.282523903838313606e-01 3.420069611124185172e-01
-2.993736035512642446e-01 -4.650980836593318068e-01
6.549525324092498879e-01 4.176800531434229358e-01
1.233511455688906411e+00 1.057129743990724013e-01
2.880237800257828162e+00 3.168067495982618276e-01
9.629175764060490250e-01 2.887103224587030947e-01
7.249503791957847554e-01 2.496251375139925954e-01
1.079832168914161894e+00 -1.385283967812477590e-01
1.704325155994846686e+00 -6.489387209510513177e-01
-1.194327698722172718e-02 -2.524278994867766857e-01
1.968892271832703322e+00 -1.679590881506059508e-01
1.007655432187772648e+00 -1.726563821089421025e-01
3.085442362401582539e+00 -7.643106666900169044e-01
1.691670979520887519e+00 1.792615947225620690e-02
2.958807428996742317e+00 5.637249770680542726e-02
2.206589660998839797e+00 -2.471040929498173888e-01
2.308608186312668398e+00 2.232347116390959729e-01
9.156268312659117115e-01 -3.045932127490633134e-01
2.874825234347889946e+00 -3.965677916050097673e-02
1.283941734931757006e+00 -1.082072762092679274e-01
7.123758952492398322e-02 1.973452747528035567e-01
1.850195316691641612e+00 -3.271552160619910499e-01
1.723774540153993229e+00 -4.061003977391437758e-02
9.113194169962582913e-01 -4.485285274815685730e-01
2.081469295104030337e+00 -1.065060753303638669e-01
1.013781489801528712e+00 2.528799485168385375e-01
7.448401689798158642e-01 -3.462697007446404601e-02
2.532384809488721356e-01 -6.420055665780753928e-01
1.094265359648771557e-01 1.752334908208768027e-01
1.058626435346228023e+00 -3.625794777976669714e-01
-1.557353958152415119e-01 2.444410116904192076e-01
-3.398125538038294091e-01 -3.529776992435728622e-01
-1.167242487824610708e-01 -1.829802453332514678e-01
1.922501457702124661e+00 -1.686522122925103173e-01
1.945968799200285426e+00 2.778724110726173424e-01
1.051949282981223532e-01 -9.030156062860891786e-02
6.985950692519798944e-01 -1.941750336486850192e-01
1.461979875691164388e+00 8.635051240851062682e-01
3.006899359144299400e-01 -8.146062169146467413e-01
1.975982844806102978e+00 2.802983096278716668e-01
3.128641867561169132e+00 -1.902465578184422135e-01
2.288454655793118242e+00 2.044967892457491276e-01
2.049853577532097848e+00 -1.388747423226921740e-01
1.556202015473298061e+00 -1.036447594787205939e-01
1.056703244825006660e+00 -6.570112512676332117e-02
3.080113129984924480e+00 1.757280635981213479e-01
5.963521794793200659e-01 -1.827473222629970584e-01
2.394348278235158833e+00 -3.771055060296599898e-02
-1.019611378641562954e-01 -4.479429194858633445e-01
1.945279713339814531e+00 -2.170229482437333324e-01
-6.025285372205749224e-02 -4.059488550784536298e-01
-1.123806378868757783e+00 -1.867380494269758051e-01
2.205297337173979244e+00 1.710809577473254850e-01
3.830329790530928591e+00 4.506851568895432064e-02
3.800300085539261907e+00 4.391339092379932807e-01
2.000568740502419729e+00 3.436625246024083147e-01
1.859752444595113907e+00 -2.521814715696491516e-01
1.754156217130737438e+00 2.535194324953963241e-01
1.395152006980699744e+00 -2.770675334633432851e-01
7.168965687629385020e-01 2.610658686837788456e-01
2.590476184851372654e+00 1.074353887169218619e-01
2.687223233331738736e+00 -6.424941919441106153e-01
2.110398383345598372e+00 -2.784093893949756704e-01
2.635407091463383811e+00 1.527078827252508764e-01
1.501266397894592375e+00 2.353615738745688801e-01
1.878054845855815280e+00 -8.103572767399871979e-02
-2.525999733878193654e-01 -1.072497417067856118e-01
3.561237429068165206e+00 -1.137820169531179593e-01
1.873314265778835419e-01 -1.667171110899643149e-01
-3.842248016488725854e-02 -2.172800866641705075e-01
2.944468833585538015e+00 -1.058879842647370978e-01
7.405611521144150888e-01 1.427083560958288810e-01
3.024211778263970807e+00 -1.300523562352167047e-03
3.057589868045070158e+00 4.671711986316563481e-01
9.805664930403836799e-01 5.407865546387950056e-02
8.635335826189399766e-01 -1.721234755794144589e-02
1.592909355826985340e+00 -4.733183745791901265e-01
9.155516505764605961e-01 -3.342536129013383706e-01
1.472738164712537934e+00 -3.951838370851102900e-01
1.574756668090401490e+00 -2.726287984669114040e-01
8.416213011313339321e-01 3.943027498612619586e-01
8.724994537111636639e-01 -1.037875003711862254e-01
8.958632834752515706e-01 3.221667260494383567e-01
2.799569275157957726e+00 2.226484708023123427e-01
2.893104673165732277e-01 -5.714527254830945591e-01
6.877241314321798082e-01 -2.689782461312331674e-01
3.239425215320676621e+00 1.194179945836995466e-01
9.998524121808506360e-01 1.367599258489963221e-01
2.152178735399455256e+00 -9.950682477361111333e-02
1.460875293868622027e+00 5.754311739244432483e-02
2.406293219886347146e+00 -7.586953867608460245e-01
3.068050574217932702e+00 -5.450215555041262316e-01
3.253199638520276160e+00 2.762986904349022388e-01
-1.231650998212091841e-01 1.543677482424891667e-01
2.166923533199438090e+00 -3.979942110552373014e-01
1.779466099908719512e+00 9.303340527672697424e-02
7.022783917241741669e-01 -2.022151810472384292e-01
1.808886037497156263e+00 1.758638062270329316e-01
-9.771733192298652504e-02 -1.280676883491377316e-01
1.983402493881982309e+00 3.773314273562296955e-02
1.202756020740697762e+00 -1.433469357067228001e-01
1.040003936698908893e+00 -5.804229560997969245e-02
1.801770863667422118e+00 -3.427921520728389182e-01
2.571385984145657666e+00 2.759278286858481977e-01
1.340105162549881879e+00 -3.822701551936793507e-01
3.577214883566891324e+00 -2.973696107394631638e-01
2.039553547802908540e+00 9.990090945593128879e-02
3.632725512966138215e+00 -1.393191192189022487e-01
3.246422443634185750e+00 2.277265086125220273e-01
2.690521512221747180e+00 -2.066247500408058546e-01
2.241505988988079068e+00 -5.960644343393847189e-01
9.758176113665710805e-01 3.448459430857034325e-01
1.456899612893249873e+00 -2.332655413378625087e-01
-8.930257783229990365e-02 3.981665427536471014e-01
1.038638254940514871e+00 -4.140388043994805423e-02
2.889797402706524299e+00 2.161983973202290799e-01
5.763344243239383324e-01 -6.825680985697640812e-02
7.804443572003090246e-01 -4.040052627624520776e-01
1.476520149940572679e+00 1.459136069031327365e-01
7.427538933292225920e-01 -1.532239861766656330e-01
1.934662508533396830e+00 -2.006426623635760575e-01
1.307407019470798071e+00 -3.896428566187725706e-01
2.581880947284210137e+00 -7.733760201889550157e-02
7.736340171505310392e-01 7.533001111769853375e-02
7.534041551239083478e-01 4.966512509930036678e-01
1.705789187390548689e-01 3.740360595394746634e-01
1.119987466541088467e-01 -7.274037356124864184e-02
3.070679793511447375e+00 2.873093153920320275e-01
-3.507027950938687022e-01 -1.171027333971393358e-01
7.780702875446512401e-01 -4.539886871548514113e-01
2.687426170784139146e+00 -9.320534363670733569e-02
8.268789702927478724e-02 4.106950999871158969e-01
2.311563496847177213e+00 -3.511369524834537237e-01
3.240014364665651514e-01 -1.137738469136325425e-01
2.109408033844524175e-02 2.273608474850990005e-02
1.682825184654848538e+00 -3.850283264568765251e-03
-1.234985581256475284e-01 -2.936842110229164748e-01
-1.292754073951309264e-02 -3.383640723531542438e-01
2.697861832879799415e+00 4.428871856629703618e-01
8.608848583217822981e-01 -3.235092513436208517e-01
-4.848327241393280973e-01 -3.312547519679346353e-01
6.985082473939454584e-01 1.412008755132170279e-01
8.256571463162857283e-01 -4.955060949695046513e-01
1.737873368035197208e+00 -4.179561167436977587e-01
5.530093824068893493e-01 1.376683725695531102e-01
3.086795057681905430e+00 3.209828931291222164e-03
2.309544303525535636e+00 2.289418976926275301e-02
2.579917706222496498e+00 1.866137381349957658e-01
2.129343495581712098e+00 -8.382223952621762342e-01
1.556093046713102224e+00 -1.905005894306445458e-01
3.946429023457978524e-01 -4.185488424515195760e-01
1.129466359180594681e+00 -3.813120486029794587e-01
1.293599757220578184e-01 -7.283990995083175490e-02
7.838009819844621306e-01 3.131582963342285919e-01
7.705044962839673328e-01 2.072766539998183166e-01
2.932024128174811395e+00 8.199262171241633590e-02
2.830418391113077359e+00 -2.843816348400023952e-01
1.774250906661114735e+00 -3.953526591362803710e-01
3.364544158316215228e+00 -2.003304901669896720e-01
1.375555270439242639e+00 -3.428501706373701108e-01
2.983354879225570855e+00 -3.376267596531181692e-01
3.300241994974975057e+00 9.340562920707302930e-02
2.889492695470849526e+00 -4.309819543598370495e-01
2.934094970419532267e+00 4.595476506506707692e-01
1.836074993458838733e+00 -6.795254849036681810e-02
-1.909190633596500319e-01 4.953889617136596479e-01
3.014952182735431307e+00 1.542115804007684055e-01
2.647994749821991789e+00 -7.304674789143776881e-01
9.743276715627714468e-01 1.635895173707623829e-01
3.293599327648019770e+00 1.340358409856726718e-01
3.617409717242944023e+00 4.647943511909402581e-02
1.564568710730812606e+00 2.724774205667388188e-03
2.941802728200739736e+00 -4.469744277978380254e-01
1.812374560490507047e+00 -6.327536588415988428e-01
3.288491437347103918e+00 6.158829924251908450e-01
1.015398362113026920e+00 6.198969049442626389e-01
2.112800689944719146e+00 -4.605202616200394089e-02
9.517153571959386937e-01 2.113145355441036974e-02
2.840486875034072600e+00 -4.161183726204707445e-01
2.307003962633561930e-02 1.856245559174231688e-02
1.480762960815579898e+00 4.770365643818343937e-01
2.418341512581005048e+00 2.981002088286264107e-03
2.068336535582382396e+00 1.398109131843587039e-01
5.346664158591531990e-01 3.272210544924718523e-01
1.046322581253328554e+00 1.238257192849736843e-01
2.639266137841773663e+00 -1.150997037298187586e-01
9.497374146121486671e-01 3.557691480551574137e-01
1.161897720539253998e+00 -3.217182120126096390e-01
-2.984253767767491849e-01 -1.220682010888634733e-01
3.571603967278522251e+00 -1.772509511252881864e-01
2.710738700111618993e-01 1.818574741398635009e-01
2.186058180834445253e+00 7.086870312375170844e-02
1.098359544179471070e-02 4.870103500615252101e-01
-4.197165680358599937e-01 2.099790602964587416e-01
9.851677114966747029e-01 2.951983705645365719e-01
-2.841577121189576283e-01 -8.269687495999303653e-03
2.618607785070383720e+00 4.179113543635717964e-02
-1.343365805250660294e-01 3.303440829536586909e-01
2.509032421989159656e-01 3.713485576825179078e-03
7.952474010090764267e-01 3.832237205160531901e-01
1.069477577246815247e+00 1.730004521348979529e-02
1.970307321927299737e+00 -1.683607769873879390e-01
1.710235247467725372e+00 2.030163168129529572e-01
2.963984283895573779e-01 1.728653250800011310e-01
1.023343146896259936e+00 -2.366799606050873084e-01
2.449589826378149926e+00 3.199357133389339469e-01
1.153719158029974101e-01 3.887323657953523637e-01
-8.058026793171493285e-01 -2.294587262880986578e-01
2.120601475380742063e+00 -1.600909391438628537e-01
1.071019446712801804e+00 -2.783557314793255570e-03
2.584845870300994886e+00 8.397373330156505944e-02
3.380148875581770795e+00 3.190247399126613370e-01
7.154199973211340657e-02 3.938221757224498742e-01
7.487523203469015343e-02 5.106148458746031377e-02
2.768036017193707288e+00 -4.514196360654484375e-01
2.422520160498864872e+00 -1.562363671237218254e-01
2.966798885253476570e+00 1.020929085362891620e-01
2.705917285222499302e+00 1.339211042627268533e-01
1.695367758952067039e+00 -1.317978500434845712e-01
3.105539855413658845e+00 -3.467691949649136518e-01
1.069102376311401814e+00 2.980858510047473819e-01
2.366025140381864400e+00 -7.011247709747167600e-02
1.798814216945921141e+00 8.478013788186787580e-02
2.942711741523028390e+00 4.427701452407169502e-01
2.014045087782931454e+00 3.661286845495995701e-01
6.527003805125006775e-01 -1.586926037034638304e-01
2.796774928030091978e+00 -2.613651659938221947e-02
2.139436252631875313e+00 3.461752974393179083e-01
1.979258377074309683e-01 2.676394781054090011e-01
-5.607261270274126463e-01 6.056207423850008820e-02
1.929588477801603252e+00 -2.698822825042633267e-01
-2.607680587354450630e-01 -1.292097227275147697e-01
-2.341810323335666022e-01 -2.207115227339121188e-01
4.457038003064483361e-02 -4.338815388370435011e-01
1.598585640083149961e+00 3.784265948527783530e-01
2.770371280233386635e+00 3.695398252776600501e-01
2.613298731133000263e+00 -2.247209162778350255e-01
2.075407631483348503e+00 -3.242149966558448004e-01
2.759799497354897380e+00 -5.362035742270184757e-01
-1.546794365084224465e-01 1.397133506248535439e-01
2.912326084942372439e+00 2.367796790059781831e-01
2.598691272870079505e+00 3.353615281248596008e-02
2.691756366877177786e+00 -1.341568469784202855e-01
-8.543828410758756708e-02 -2.844830373018125691e-01
2.031392699068270413e-01 5.080751033594332888e-01
1.926952852388386539e+00 2.158565227222427330e-01
5.723594710622434967e-01 3.397117623598022162e-01
-4.085923530991285579e-01 -3.910627078861892980e-01
2.618779955179396435e+00 2.114415338510395315e-01
1.104943119194458756e+00 -1.448414585278127165e-01
-2.324590486345537443e-01 -4.781438388704123410e-02
3.279376296487730436e+00 3.359067160147871101e-01
-7.399400955434193294e-02 -4.632184733114811381e-01
1.822991461538850499e+00 -3.830082812889396005e-02
2.065625024159877476e+00 2.657685997349557572e-01
2.447655102434152852e+00 4.064267090983835623e-02
1.917640726835808218e+00 -3.930850472118407879e-01
1.139541618568774561e+00 1.459473218702719288e-01
-1.277863932714882189e-01 -7.139685538108886398e-01
7.079803146173127004e-01 -6.569153451671445598e-01
1.094401099520553533e+00 -6.465299604926137977e-01
1.441624531051355351e+00 7.792972273092840796e-02
9.014414340043891416e-01 -2.316647828866496769e-02
3.071532382973589659e+00 3.740517327825585991e-01
4.523884360397013027e-01 7.570726737348614233e-01
1.016862662475594092e+00 1.187726130862992585e-01
2.927149787050098984e-01 -3.076540221468804792e-01
8.565788323222006673e-01 -5.810648639305685502e-03
-4.752372335837187212e-01 2.848996854267599188e-01
2.708626458472724874e+00 -9.776216229362987009e-02
1.668642736289830397e+00 4.104780340101826797e-01
3.186227391697991074e+00 3.048006570715727226e-01
2.872690542491501020e+00 3.497075029123147133e-02
3.998806872806243140e-01 -3.153560362784842974e-01
3.154963844046482890e+00 2.932905156729758711e-01
8.543914280234339298e-01 2.708773690701264947e-01
2.595715865250495913e+00 5.600717151680821848e-01
1.900672723424870370e+00 2.171175908495940055e-01
1.939234275121739293e+00 1.303455083948792670e-01
2.703850288517391842e+00 -5.643888534434775561e-01
4.920549750577993264e-02 1.692194242857998632e-01
2.167601211974631514e+00 2.371613989416149204e-02
3.022420511434468438e+00 -5.337095150976838287e-01
1.310311816546938513e+00 2.940073289660414257e-01
7.870962760883198905e-01 -1.821822605210535462e-01
3.016387309171772557e+00 -2.420381603336512755e-01
3.224171223255636765e+00 1.678224828056017193e-01
1.622345247365025944e+00 -2.063795291764773665e-01
1.766653438795255049e+00 8.726442113082598651e-01
1.987088742543744457e+00 -2.246969516780763718e-02
1.480576156266126819e-01 -6.361116375690725744e-02
2.223722346657805105e+00 -2.358776353101355722e-02
3.182023937590308105e+00 -3.199325908194536328e-02
4.344778419136978154e-01 -1.568671370260802389e-01
1.788981460600310047e+00 4.831659062090176704e-01
8.191027775023022039e-01 5.916916923448878318e-02
2.161524471057741259e+00 -6.014063655192422586e-02
3.753062061062565902e-01 -1.805681914879418426e-01
1.767928650306912264e+00 6.687005130062492197e-01
-3.947379581106575941e-01 -6.214926466031762686e-01
2.971381262855126604e+00 1.442033418940487921e-01
1.975160278096763200e+00 2.408538640189438473e-01
7.937500924699611993e-01 3.741380985037139756e-02
3.203134345474090594e+00 3.496278507835243188e-01
2.081778741225829066e+00 -1.018954839564024661e-01
-5.084713846246349256e-01 -9.208131823630789914e-02
3.187277814364345985e-01 -4.192334263337118561e-01
2.206414840487407325e+00 -2.897623606884583425e-01
8.313787939282742956e-01 -1.872457981408792160e-01
1.100979672926112762e+00 4.252316137426045972e-01
4.966002746969739867e-01 -4.373812693824885578e-01
1.644517083287593051e+00 3.745730853461093912e-01
1.206372210426246649e+00 -2.684815933013625158e-02
4.366853828631340195e-01 1.272793933686866275e-01
9.241259384569395774e-01 -3.613402732374708104e-01
-4.077091125750739176e-01 -1.976184534491680078e-01
2.169067217598228403e+00 -1.417036293158669691e-01
9.553293398524330682e-01 1.672041264628003898e-01
1.553719902729680802e-01 3.088735968203743312e-02
2.293731622630409195e+00 4.706872026412104587e-02
1.103137575528196912e+00 -2.001854612821662716e-01
1.219191567009679344e+00 4.270544356523519290e-03
3.127698005061067654e+00 -4.207049457020690109e-01
1.345556846714093258e+00 1.088087551048912832e-01
-1.173288671791017646e-01 5.452518651318956078e-01
1.259468739832778628e+00 1.292886749010185299e-01
1.088859085935566462e+00 2.131831315801360482e-01
1.759290287909684558e+00 -3.097237439087541233e-01
-1.965620828467609937e-01 9.720585469392984887e-03
1.062335478808734690e+00 -5.072576487378438470e-02
1.244783335316316686e+00 -2.226896671050744569e-01
5.417722792664405596e-01 5.350147038397731203e-01
3.569178930105763037e+00 -8.205480570175732735e-01
2.895239559843282073e+00 3.645044946935212526e-01
4.090038377022153782e-01 -8.821168538477561216e-02
3.303765396054825221e-01 3.210229093355614904e-01
3.010980437079151084e+00 -1.894774734016443640e-01
-1.985634358723270820e-01 -1.046317950426831622e-01
6.989612711861820094e-02 -3.166658465704084713e-01
3.003977427985617954e+00 1.198282933156135932e-01
-8.340850507977300154e-02 4.974909335922729214e-01
1.988299209487141561e-01 4.589907461336089067e-01
2.456960480416356063e+00 -2.788820639139789614e-01
2.671535315003576549e+00 -3.052512980311533064e-01
2.260015995760137120e+00 -1.241233685088381951e-02
2.192415822690929605e+00 -2.482663924423346782e-02
1.093093848519268052e+00 3.819973584252353560e-01
3.297469295499923181e+00 -9.595519013628374394e-02
2.194170710328565477e+00 8.873022153606532902e-02
2.860579521895485478e+00 1.125051140734920074e-01
6.858058384396845675e-01 -3.964607825604427732e-02
2.880727675182938707e+00 -2.421504138327992828e-01
2.000298000692794176e+00 5.076314022690153749e-01
3.226660615789438413e+00 -1.066527392641633265e-01
5.736638274337330090e-01 5.519488488279598870e-02
2.283872794612703760e+00 3.159003520185847957e-01
9.492114321784316244e-01 1.800048204980976840e-01
5.669868607188762732e-01 -3.864488867619815804e-01
-1.408973084578672152e-01 -1.096590017580481302e-01
3.172134549374133972e+00 -1.662775889495925891e-02
1.252940609985382370e+00 2.457559232727961618e-01
1.740481339349212175e-01 -2.669393432850374337e-01
-7.491709330245646670e-02 -6.195731159562480050e-02
2.255076777406614053e+00 -9.133367409717476626e-01
1.313117912241818175e+00 1.154141174122347464e-02
6.332921861381795789e-03 -1.481384040980167904e-01
6.159483248752264245e-02 7.029249664074954662e-02
1.474553535353277711e+00 2.748251927999550981e-01
2.967914372763982289e+00 -1.069517387646511247e-01
2.738621059274113367e+00 -1.115957711970268496e-01
1.989148048615157371e+00 1.858423613191134416e-01
-2.511001156570111803e-01 5.383789209196987446e-02
2.729991367815083780e+00 1.083417225787751265e-01
2.494899497608834338e+00 -2.183614084922237131e-01
3.333286053552516837e+00 -9.173974742449377828e-01
1.633087882964552595e-02 -7.929248751016058916e-02
1.342761102585266597e+00 -9.863050565224057431e-02
3.944250187228943300e-02 -1.374004622721320679e-01
3.042854338918949963e+00 -2.701423869730655847e-01
2.234254412684609781e-01 -3.490140325418377154e-01
-1.808693750089689078e-01 4.314456696128724650e-02
1.449694041752501938e+00 2.014913975891532150e-01
1.063182185941130786e+00 1.895732217306139167e-01
2.601785666939586683e+00 -3.190713134624701408e-01
3.283560092971282707e+00 -3.107787405485283316e-01
3.336498519514583094e+00 6.172008170821329243e-01
2.603448904566652011e-01 1.869958043969492667e-01
2.667698281117766523e+00 -1.712797122654229065e-01
2.152453077825076999e+00 1.925144603821593858e-01
1.272503276772587455e+00 -1.160266271798705007e-01
1.333216555091750966e+00 1.137083991245886466e-01
1.525695754815949545e+00 -1.096546096347771476e-01
2.487190870475415316e+00 -4.564439675348198611e-01
7.419223829322374453e-01 3.855723016067128667e-02
2.421398874053628969e+00 -1.968703053184610863e-01
2.676342231123588267e+00 -2.017111431796118903e-01
9.680443357243111446e-01 4.976932301444366574e-02
1.114135026837403952e+00 -5.139616856605596848e-03
2.694603138046315571e+00 -3.354813158310699928e-01
1.477343104732076640e+00 -4.594471202689779377e-01
-3.401362437829089092e-01 -3.419538905126390249e-01
7.991886268796903892e-01 1.997610034467828533e-01
3.362141634356377473e+00 4.566674327090356478e-01
2.644197464982165346e+00 -3.229192969603882912e-01
-5.325143570009064353e-01 -8.035122587118533055e-02
3.379412251257062572e+00 -3.875335404145119900e-01
3.196304034594704468e+00 -3.677624041717753034e-01
2.029248939651615569e+00 2.956718594776387987e-01
9.256560598348971824e-01 9.762024686894860137e-02
2.082981040690271346e+00 5.805643728710536688e-01
2.114989438956508039e+00 3.464742710475962606e-01
2.407806001777314187e+00 6.451334426728187743e-02
2.833630560092855966e+00 -2.786592303179407648e-01
1.133898289633974654e+00 -4.797159095940499718e-01
2.767789739801045368e-01 -4.242464289608657846e-01
1.571729927084452472e+00 -3.914164702750180802e-01
2.090555373529249916e+00 -2.663350470047497476e-01
2.005048276279630393e-01 -5.771704952043157366e-01
3.258003538324255377e+00 6.782917007920653552e-01
6.769021482775261500e-01 2.473310454660050950e-01
2.421609466990656045e+00 -5.937434973942574690e-01
2.090004409529992113e+00 1.882826717026787056e-01
2.285679937520409322e+00 1.033905213250651545e-01
2.715374741332531094e+00 3.252611208709676460e-01
1.862766012696517592e-01 7.435326734379646973e-01
3.099595213413849137e+00 -3.902814308915907304e-01
1.533116536578707390e+00 -3.914066581462405936e-01
-3.700447499844332633e-01 1.299129669046229507e-01
8.125899391198889710e-01 -1.311629120493592038e-01
-3.071546550629979389e-01 2.785627271280260442e-01
2.864783871926171788e+00 -2.260319843334074666e-02
8.729128914816793872e-01 4.534999836214110291e-01
3.416544332526328276e+00 1.296980611429907893e-01
7.133126150315771685e-01 -3.687589922849656143e-01
1.746678895168833678e+00 -5.621092668207103848e-01
2.531542082211618028e-01 2.905609422426623858e-02
-5.281305641053859329e-02 4.238836025884110126e-01
2.783972854567287936e+00 -5.346236046051053292e-02
2.153734262534759969e-01 -3.911541124693654337e-01
-7.709918330989241897e-02 4.149568533215521882e-01
1.547896188601193934e+00 5.122736932290330447e-01
2.463259170128568876e+00 3.070592063264992455e-01
3.148433569966008760e-01 -2.769222766623430365e-01
9.232250631364230520e-01 -1.488617544746374255e-01
6.444789653260611928e-01 8.331186416321659238e-02
3.447845477790572488e+00 2.905426311285814328e-02
5.292013972051472503e-01 2.773899431304155949e-01
2.939108392336676090e+00 -1.491529022299806911e-02
-2.836637893671953292e-01 -5.801317246299249053e-01
2.849169340002786655e+00 5.048459457144184315e-01
3.134550061973897517e+00 3.540250655157625714e-01
1.499447852574720574e+00 -3.694971493652228767e-01
2.012092256198757312e+00 5.016331349143017260e-01
9.683839223362241677e-01 -1.400170776693948405e+00
2.128223915281639012e-01 3.787245841494449317e-02
3.124931339720806722e+00 -3.799770323827593166e-01
2.828714965421241789e+00 -7.239091103870366750e-02
-3.485613134078382469e-01 -4.593332414565026722e-03
1.138077540925203301e+00 2.084289106228743582e-01
3.189526446134268500e+00 -2.007447141506465693e-01
-4.364591746787724325e-02 2.769343874003873940e-01
3.569553107284031412e+00 2.101835927835902229e-01
2.301102919485732201e+00 -7.453170293181540229e-01
9.112627301737658003e-01 1.875451628173266105e-01
1.797250063287793242e+00 -7.741876158804780750e-02
2.268718918411418262e+00 3.240136963801880654e-01
1.776150378231979576e-01 3.368581017987514747e-01
6.202246416591260525e-01 -5.176160934847095357e-02
-1.137171588645882886e-01 -2.793844883803365819e-01
2.310092199241747579e+00 1.120156266948796053e-01
2.036115727743960768e+00 2.756326665154019140e-01
-1.361818825857795123e-01 1.192001748692759211e-01
3.542323252681744972e+00 -2.715004859365102163e-01
6.522443817870124949e-01 2.522172394265683598e-02
2.187571597301777082e+00 3.193355778055151917e-01
2.931953163768729720e+00 -1.084609165581621321e-01
2.366444535119662351e+00 -7.428110337175549693e-01
3.074795781899453129e+00 -2.136632268260985346e-01
2.017615062822222249e+00 1.505155095402046228e-01
2.721500984073444984e-01 1.542526995733719819e-01
2.601059900109012002e+00 4.637909473480583689e-01
3.071196519757032117e+00 2.133254203414013950e-01
1.256407637985351933e+00 -5.529106837268171759e-01
8.599711700790159119e-01 3.450385995695319230e-01
1.370368779293093420e+00 -6.626994587665692438e-02
1.809510915262561692e+00 -2.246520588342663383e-01
1.277071603777749864e+00 1.606067178684867647e-01
2.019520899234744427e+00 4.229401645347240918e-02
1.313201506218204750e+00 -1.609587384151591194e-01
2.850163686386375517e+00 4.116379740530164977e-01
7.538642218240787507e-02 -1.489656162050055910e-01
2.863820936694117414e+00 -3.439282085377611264e-01
-3.259331613442031927e-01 -1.468974914562272416e-01
2.422140662921077769e+00 2.613015807677524296e-02
-2.152319896444727099e-01 4.092363632226908576e-01
5.305381518257517443e-02 4.416955844882097804e-01
2.954927261678576667e+00 9.138054903871239976e-02
2.950771997490374776e+00 -1.287138290663920603e-01
9.475126127307977875e-01 1.502461199673718051e-01
1.772559641347134063e+00 9.855014804751423274e-02
1.959198928429888964e+00 -1.286021274619127686e-01
1.123109337744346403e+00 -1.169705703081961867e-01
-3.505046266803801824e-02 -4.173691941643650760e-01
2.828652283209023288e+00 -1.054255688748896164e-01
2.677807228388200400e+00 -4.970893834952101464e-01
-1.411175981721036476e-01 -3.290425620541970880e-02
2.155509149569710958e-01 2.457005595684755642e-02
6.805197368068329755e-01 -6.794392489942313595e-01
2.190813466715030966e+00 5.727197016679272390e-02
1.729438415928966077e-02 1.648394620634816843e-01
3.170742932416604543e+00 -3.506225971311014988e-01
1.326373420809509707e+00 -2.330270888854739653e-01
9.684450292978621366e-01 1.181725920486046133e-01
1.550332333826874853e+00 -4.607265370987248532e-01
2.958085862331754523e+00 2.399135714003161057e-01
1.547397013529259180e+00 -1.273970426542951895e-01
1.336585588155181803e+00 -3.058204090273265452e-01
2.009171482301051803e+00 7.102999847628251040e-02
2.400438295930347632e+00 8.141130746883092073e-02
2.639207907338913639e+00 -8.112897875686826688e-02
1.862654502884813601e+00 2.968594490625680038e-01
1.786035544909639450e+00 1.539125461428304253e-01
-3.081811619989560103e-01 -6.276128270642129803e-02
3.273994983719407337e+00 1.611218563303600249e-01
2.082850514919715401e+00 5.894152610312337198e-02
3.750779602137321422e+00 -2.040036840782469552e-01
2.545269506977708041e+00 1.017778223427415335e-01
9.767785688666519306e-01 -3.418804273813685901e-01
8.790993968668945335e-01 1.038042405436861576e-01
2.199919092671905663e+00 -1.272869841536582447e-01
2.954154554291429147e+00 -3.064945165725285747e-01
2.309357379616783223e-01 1.469557772393235706e-01
1.172025632095294201e+00 4.812641769131267289e-01
1.099924400935871738e+00 5.178976139427653447e-01
1.133309644925215576e+00 6.656039487613973904e-01
2.244474080152717654e+00 -4.466479449999289919e-01
-1.191436052052601419e-01 5.345834011319332973e-02
1.937978498165952690e+00 3.312578317170781772e-01
3.212329048916048535e+00 4.796044210259126639e-01
-2.591745739175889685e-01 -5.273295214333739711e-01
2.725029558672839247e+00 1.514555938700727911e-01
1.812508514982285268e+00 1.987253469233278280e-01
3.267477885203201371e+00 1.775138437857478602e-01
3.316711357736025878e+00 2.394148708220296129e-01
1.216934902368810301e-01 -2.440609172193587972e-01
-1.601460369828243968e-01 -7.108304630982195671e-02
7.061189975215340642e-01 1.063919372424046439e-01
9.197614762203527583e-01 -6.751169275632219746e-02
1.916715470037637425e+00 6.671109134239716631e-02
-4.848516273618963535e-02 3.729202769175956611e-01
-8.273940422804361428e-02 -8.513051724385404737e-03
1.006373705737061558e-01 3.754770400807326269e-01
2.817571803305594091e+00 5.753366440021338013e-01
5.987105823245132685e-02 1.347402940562792972e-01
2.901817937748745191e+00 -3.285152518011946743e-02
1.701422206855284225e+00 -6.337393853089423601e-01
-1.500074084946310775e-02 2.975738560706830960e-01
-3.222633697320060886e-01 -3.568160523989048760e-02
3.134244613131733637e+00 -4.347144912762906932e-01
-2.093478437769011602e-01 -1.184074926034826974e-01
2.864326943250517399e+00 -2.651203118268460109e-04
2.508306135938796366e+00 1.514922472659126218e-01
2.966585375924402967e+00 -6.087158683080624161e-02
1.781544610943819773e+00 1.462557093523308288e-02
3.880869875493832000e-01 2.706824104564458100e-01
2.728633426715064703e-01 2.878411682929212304e-02
1.695333105011451069e+00 -2.264792022604479038e-01
2.711831536511468688e+00 2.408676748295138226e-01
8.121160608130608694e-01 -1.830065115997436542e-01
3.883366258219082545e-01 2.427368602190153879e-01
3.170021392892226064e+00 1.342633217887240771e-01
2.713732326424727059e+00 -2.282131227673586116e-01
1.472083531283073121e+00 -8.248719610701742144e-02
9.860176114737748132e-02 2.551949041263999463e-01
1.952957675935108606e+00 7.978823648465675766e-02
1.057812870254883769e-01 -2.566750787304559744e-01
-7.711902500078389455e-02 -1.122762601041925740e-01
2.412229963333630600e+00 -5.921699812970682153e-01
6.465916975000313149e-01 1.611227639239724008e-01
5.215605224958433928e-01 2.672495691270388996e-01
2.048617640968893205e+00 -7.484784031514086777e-01
-1.367907504693912091e-01 8.254206456314659712e-02
-4.076189841621696841e-01 1.557790981418940290e-01
2.156319261129506781e+00 -6.559910857788120442e-02
1.810978473369115882e+00 3.898582500657751110e-02
9.981756943177755304e-01 -1.105134914856791967e-01
-9.029543072409763893e-02 5.038275542330611367e-01
1.203935991938940964e+00 1.372179481829420566e-01
2.474182278347863750e+00 6.107229181092930226e-01
3.658727143115679148e+00 -4.795618909839900745e-02
1.842817278284293980e+00 -7.119809754178794137e-01
1.150293155269434819e-01 3.115452360002911036e-01
2.128242250752057085e+00 1.355116154697140474e-01
2.987062310047453373e+00 2.847166263566462407e-01
2.126801176000495008e+00 2.419678685391589146e-01
2.555872686942684435e+00 -2.549098175714631931e-01
6.810157240574292725e-01 -1.520445163375782616e-01
1.841302935185780143e+00 -7.218097396571089563e-02
2.069899598324631995e+00 -2.106185202555573288e-01
7.256442390165747103e-01 -6.544812877742994806e-01
2.849174909004226208e+00 -5.348801309035079443e-01
2.841056808049148952e+00 -3.998339861463321987e-01
2.160396603680688976e+00 -3.671021380637203707e-02
2.122743147662723207e+00 1.812210148682591448e-01
2.107240636475579132e-01 -2.220622930416200624e-01
7.149202208037266359e-01 9.300603133719775872e-03
1.938964995744504094e+00 2.677313765135278523e-01
2.537063223651780941e+00 3.200920156302804465e-01
1.309034305961787048e+00 1.907101923113692088e-01
2.828865305704725497e+00 2.015739933298349787e-02
2.050239447013116223e+00 -4.459846383069199921e-02
4.795286959842599561e-01 -5.625388527513672937e-02
-1.351950298612564216e-01 7.070629123286190643e-01
-1.862466180917185798e-01 3.058852478186915302e-01
1.026282444821023931e+00 -1.263887871528527607e-01
2.563243181941928572e+00 1.827443841822141424e-01
1.042828741329454578e-01 -4.045601237076185824e-02
2.737860561486104571e-01 3.577599265179042254e-01
6.857066977589074686e-01 -2.692883075192040176e-01
-1.189288958950012881e-01 -2.099135258302753937e-01
1.777691622575069630e+00 -5.068284460806278258e-01
1.880391641877132480e+00 -2.849365500563835196e-01
-7.262049024084334115e-02 9.015826386364703127e-02
2.221422944157425583e+00 1.754871886762328637e-01
3.140107964218233239e+00 -4.897124019993622235e-01
1.204325994919863918e+00 4.127415833983691940e-01
3.187747306039040662e+00 3.259260524869789233e-01
2.107489686532887596e+00 -5.285315778204322523e-01
2.225944706011556029e+00 1.830526514661614812e-01
2.002463180042282076e+00 -1.060734810790333188e-01
1.944571317033132685e+00 -7.893954951388385544e-01
1.083584973316020550e+00 8.478211180948541648e-02
2.980763843855310569e+00 -1.131645471601473579e-01
2.975524940725914558e+00 1.870027086696663676e-01
3.543790912895944167e+00 3.885880318068485884e-01
8.346821853509459599e-01 -3.211447803454667294e-01
-3.645550986421574047e-01 1.683250769524733126e-01
-3.176462194443065434e-01 -2.925694447256335651e-01
8.443858371070738222e-01 -1.241970464317373596e-01
1.277884105570172568e-01 -4.028294966036941038e-01
1.722257113995040445e+00 -3.699509208188541676e-01
-5.102022468569037544e-02 -1.290588365331064025e-01
-5.171588666639527210e-01 1.902527345735592068e-01
7.763077862377112393e-01 -2.653903983862643257e-01
2.633076906681758977e+00 3.500438418774461935e-01
1.050214033730991536e+00 1.889808111543931635e-01
3.970393418257511103e-02 2.440017341635787596e-01
3.184651663674133104e+00 2.722125803237279706e-01
1.178785744127893276e+00 1.670890477892794934e-01
2.997769117703567687e+00 4.079061803413332188e-02
2.808304962685097550e+00 5.931021843678724315e-02
2.120656082872391934e+00 -2.086317933149488824e-01
-2.358164906114000505e-03 6.408418217138785178e-02
3.246938069703916074e+00 -9.185002320379020979e-02
1.968209134492757251e+00 -2.252026141385201907e-01
2.073805506362281559e+00 3.045514529663868042e-01
1.099943997079541047e+00 5.506006458977714957e-02
3.060492516470627589e+00 1.903337881899872519e-01
-3.572914622651308936e-02 -2.954631362316704202e-01
3.748136903421226407e+00 2.459488726989143559e-01
9.100813158394704949e-01 -2.599448698482917930e-01
1.123409108694551906e+00 -1.909794694221439160e-01
3.696886798090353476e+00 -2.804216773886378800e-01
2.064030189663281334e+00 -3.897453686183531274e-01
1.625377043853872827e+00 2.475744707156525837e-01
1.281718891845740504e+00 -1.707850651492877903e-01
1.342972598203394874e+00 2.214825606748366815e-01
1.824702822469561392e+00 1.652683486920117351e-01
-4.169714643939606558e-02 -7.376517201017277481e-01
2.289058984719844148e+00 -1.295907184887348518e-01
4.083439928030715288e-02 4.698579915683985808e-01
1.988369473097198803e+00 -1.208890912663399680e-01
1.087340606999130266e+00 -4.723218217307976752e-01
9.273774801237301135e-01 -1.081015002451776175e-01
-2.576171947581715194e-01 -1.086117232057615956e-01
2.990630524457137174e+00 6.574794585686335457e-01
1.419874733318478022e-01 -3.307917949823799275e-01
2.507610209482421304e+00 -5.150209108986630868e-01
7.067101466213110417e-01 1.733496681551685292e-01
1.362919921471819951e+00 3.416809016425830792e-01
9.356258534969017493e-01 3.092066639920407756e-01
1.826806020090955940e+00 7.218835406231773055e-02
1.160379951677333210e+00 1.222982447684778651e-01
7.695991421628476381e-01 -1.273580233440683718e-01
3.357926794633566914e+00 -3.418753288245160449e-01
-1.462400508732747129e-01 1.127696818347918850e-01
6.274435130344480083e-01 -4.073329199246173565e-02
7.485210357335286835e-01 -4.436772908770238444e-01
7.211262167760691157e-03 3.768004100325157979e-01
2.181449731986556451e+00 3.382556585847334985e-02
3.067649531408438435e+00 -1.611938283009405615e-01
3.145235780264984626e+00 2.007392106484617023e-01
1.782857098718291233e+00 -2.511042109523071719e-01
1.798331151804485106e+00 -1.391069504690367956e-02
1.185189617201718004e+00 -1.396163641881666417e-01
1.642293409747174637e+00 -3.365011047644271835e-01
2.627561000551348336e+00 9.942899073158342760e-02
1.203811805042113381e+00 1.696165667638717123e-01
-3.902303339111059532e-01 -1.868370314561532408e-01
9.075561034962865981e-02 -2.323694742326190901e-02
2.391322165321954074e+00 -1.905076910105463206e-01
6.724081003421903194e-03 1.086810356590647564e-01
9.090063119588341900e-01 -1.524588361422538896e-01
1.829898624901804327e+00 1.913604193365057160e-01
7.877388729003810264e-01 4.735716810845260610e-02
4.693689293602011370e-01 3.040264297668730104e-02
1.959656895296591372e+00 -6.451141369379981283e-02
2.889533702383990654e+00 -1.918943596181708899e-01
3.238353530034291605e+00 2.447575249667470754e-01
2.017640580144315798e+00 -2.568597411500956884e-01
1.392797481791194780e+00 -4.911929125853354283e-01
1.340907848063816132e+00 -3.015750657366665366e-01
1.002107168392262881e+00 1.509949477929618811e-01
8.494242541029578542e-01 -2.457875036056317297e-01
-2.353204800338690450e-01 -3.308208562215582665e-03
8.987846493368709666e-01 -7.183734189336739295e-02
2.692747722010293554e+00 1.429149213544550767e-01
3.104613795574968194e+00 2.632016134425167464e-01
1.835812373614892579e+00 3.020202707989128599e-01
3.453078673021539480e+00 -4.253438772856009686e-01
2.736026354615790801e+00 -4.699595391503638142e-01
-2.594217135306243760e-01 1.531773686469304341e-01
-9.400598912278133878e-02 3.994800712949108656e-01
2.775471706070181899e+00 -3.480696111600655729e-01
3.370824967193834176e+00 -1.242412331026214595e-01
1.447218904584785637e+00 4.598709089181119564e-02
3.241834135157615204e+00 6.926096617728521032e-01
5.770025259892112013e-01 5.639286202586550611e-02
3.076547384838337784e+00 -3.044427075795935189e-01
8.533522006257350523e-03 4.572035027467440393e-01
7.631069317657838136e-01 3.551941607855140237e-01
-2.731233315090689229e-01 -4.568206137341107032e-01
1.988029320426565993e+00 4.137376269589227440e-01
-2.777115204099037116e-01 -3.522525658585092811e-01
2.683072915553267990e+00 2.901017881905441076e-01
1.984922350760726761e+00 2.741763116011939339e-01
2.996541553877716813e-01 -1.690153513737879462e-02
1.639892703509508110e+00 -2.183827402236601378e-01
1.152665014422793677e+00 -5.345092955030754656e-01
3.017897784463043909e+00 -3.847701356853996946e-02
1.000935974594814093e+00 -1.092894142197014667e-01
6.896468273349285472e-01 3.811116806799767498e-01
1.110583448382481242e+00 1.080496222200729856e-01
5.661562823092085583e-01 -4.884917545983172293e-02
3.090013173758228593e+00 2.360491991644723120e-01
-4.256552829864664322e-01 -1.535568262386876048e-01
2.186119941461071026e+00 -1.951511001934206901e-01
-2.900270393164867955e-02 1.569176980132347132e-01
1.192846214755582945e-01 3.232410896555792251e-02
9.610298576813973703e-01 5.150270042918781987e-01
-4.444388336910630975e-03 4.921946649594037826e-01
2.928224225522501722e+00 7.402036871518676842e-01
3.522761737526799219e+00 -1.946974234477112375e-01
3.870538916786353534e-01 -1.934583774700031900e-01
6.481127535698641973e-01 3.807887926442455884e-01
1.445726692277060632e+00 -9.306598371593205465e-01
6.260070843924963047e-01 -6.430317378816524654e-01
2.228786321884293375e+00 1.019750356981488915e-01
8.802474587795542371e-01 4.027976177599473240e-01
-9.104342129325682098e-01 -3.658846842641034214e-01
6.956600189530014189e-02 -3.197514652340358032e-01
2.049006541048887353e+00 -1.635758291237773276e-01
1.100541243039051320e+00 -4.760000155353705242e-01
1.062340247243629632e+00 -2.284197623582796821e-01
1.553578185727314764e+00 3.286638437982759009e-01
2.196097076048908914e+00 1.599108898274506640e-01
2.064325010211647715e+00 -6.499190106883537821e-01
1.940410185042393598e+00 6.893261409975368625e-01
1.760726001720490930e-01 -1.800828517362159931e-01
-1.032435197379201058e-01 -4.995193551270524224e-01
2.143744435561681705e+00 1.942126362341408952e-01
2.944542651548908374e+00 5.284774505652223547e-04
5.052540353686356678e-01 8.840116222489181885e-02
3.247407345041362969e+00 -1.018687973721192214e-01
5.807582182973205498e-01 6.842505889335345204e-01
9.922579196769544252e-01 -6.972526139975017412e-02
2.649880388782821505e+00 -5.206408544492544532e-01
7.090051047560403941e-01 1.857192017594785638e-01
2.001059586145440328e+00 1.135044142541465489e-01
2.926653679565591304e+00 -6.097015332059011611e-02
2.510012691696900777e+00 1.445769328985951341e-01
8.702073499869618090e-01 1.229629180734063826e-01
2.951720135283813384e+00 -1.091598828280710282e-01
3.114531456615556415e+00 -1.331874027281619577e-01
2.451512665592670004e+00 -5.336087509266854711e-01
-1.144588941320899556e-01 8.898356222292237439e-01
8.646049899880572376e-01 1.834069652955544749e-01
6.626489049571476775e-01 -4.163189397726827640e-02
4.359882717145071584e-01 1.867848981889950188e-01
2.056049250689513830e+00 -1.591520856334856238e-01
1.193928787031635741e+00 -1.919148556118092652e-01
9.568132103279436418e-01 3.703382400008918274e-01
1.041128922548939073e+00 1.000545603215847318e-01
6.880183226035750943e-01 4.613023438376506746e-01
-1.222561231462095249e-01 -1.156145137732618455e-01
2.918260837404452523e+00 3.388749832612061308e-01
-6.447190323440790682e-02 -3.053310726516126131e-02
3.735352688217818073e+00 -3.996608829480290115e-02
8.926091449291807534e-01 2.516788004688018734e-02
2.183531179431522640e-01 1.541445217727558659e-01
2.477865199778492844e+00 2.296166188813327652e-02
8.583263005119327049e-01 9.818812521232062052e-02
2.954227424788412382e+00 -3.813191873190973635e-01
3.213651274127278690e+00 -2.404092567874789033e-01
3.621014929155007278e-02 -2.816450432074102395e-01
7.876571519115876940e-01 -6.348987242148787513e-02
3.426724597829771124e+00 -2.489983023005662988e-01
2.056068005922619513e+00 -1.652674023298552619e-01
3.000471758097180697e-01 1.209654533714138724e-01
1.883294071336306219e+00 2.590233618048314868e-01
-4.032217265150833674e-01 -2.789163809157848561e-01
3.185455767200921162e+00 -4.832125367125269522e-01
2.111146175189269544e-02 5.744743399914012394e-02
2.992514709734991563e+00 -5.012096908712078630e-04
3.057488423477400019e+00 -2.007183817535040937e-01
2.866035056363485101e+00 -1.107427796271536757e-01
3.136739135533278766e+00 2.018225793376007479e-02
1.834860183803599609e+00 1.181868026761883628e-01
1.656619901123447702e+00 1.754545997355029807e-01
1.963200441642385163e+00 -1.020492635567648992e-01
-3.232873940872555557e-02 6.587239062349566077e-02
1.107942057921525558e+00 1.477183669925948017e-01
1.042810830633891100e-01 3.869216598370537330e-01
2.856801798806490211e+00 -1.806816582370975866e-01
7.075838258328237540e-02 -5.546127664793777390e-01
3.445163210324228675e+00 4.362935479081482271e-01
1.828542497290693181e+00 1.030029106084414704e-02
1.062829925010319171e-01 2.036750406638606348e-01
1.008946583036902211e+00 -5.354093885557633659e-01
2.804166531400976936e+00 -4.967201695224279789e-01
1.737243208674492223e+00 5.165161945957591483e-01
2.154830787176659435e+00 4.351130482236077457e-01
3.930646401754319674e-01 1.690330901967007915e-01
2.342261795900435040e+00 1.186466800007461159e-01
2.302743142632897033e+00 3.499855220717892901e-01
5.820368403228657339e-01 -4.976074689724040157e-02
2.063077369612058565e+00 -4.114397087331224390e-02
3.104392396213814909e+00 7.365496620134460992e-02
1.884702428330180313e+00 1.661833829735808732e-01
1.392464804751602614e+00 -2.775453168495264911e-01
1.960728947581518833e+00 2.215315962433022368e-01
