-1.329273850200241303e-01 -1.767168479609435572e-01
-2.655229780088425029e-01 9.596359721591637970e-02
-5.659467182935224994e-01 4.323642450542988236e-01
-3.277482711852646169e-01 -1.952133250110337781e-01
-1.009049445361418218e-01 3.837481334069449690e-01
1.353856564943233254e-01 -4.165369711242903894e-01
1.044588000880917189e+00 2.515711614642840988e-01
-2.310890786396951890e-01 5.001102844323704333e-02
2.866637559634814814e-01 -6.489424612740539444e-02
-9.192041595237410156e-02 -1.578390653703966584e-01
7.166102957741833368e-01 -1.108691685563961138e-01
1.196075861403906038e-01 -8.305237533929386018e-01
3.247604747489508947e-02 -3.417469030531906649e-01
1.126091455309789352e-01 2.183153607012188746e-01
7.577547877502509299e-02 5.345210090392288338e-02
8.599865685874267252e-01 -3.716339287737420727e-01
-2.003039006518745890e-01 5.936159240815953170e-02
4.322722418247993414e-01 6.399777456953086308e-01
3.037005144654058020e-01 6.678699484633277006e-01
8.652290618771446562e-02 -2.228652112922482054e-01
-2.728057895748764450e-01 8.864694757197018049e-01
1.819625991329023584e-01 -3.463005537116023991e-01
-1.272951885732775956e+00 1.427597275500286089e-01
-3.706159401449183877e-01 9.867665565934102823e-03
8.964457735709357999e-02 -1.518169395629200835e-01
-1.713663341630029813e-01 -1.053799138972936422e+00
1.167165015202797251e+00 -5.515008573149396964e-01
-2.993031220511724322e-01 -2.138075812062918413e-01
-1.518455293357447722e-01 -8.041625207298835898e-02
3.201490217454422416e-01 2.198270676835142878e-01
-3.264420733471108949e-01 -1.222042234954950068e-01
8.351293753640948170e-02 1.414062407594374737e-01
5.355388842784172820e-02 -3.350578822880997398e-01
-4.752202609986182491e-01 -1.158562009332599341e-01
3.804073672543922258e-01 5.922439355597514110e-01
1.205187483099392776e-01 1.092247009929027790e+00
3.850544576781614325e-01 -1.136914920247686922e+00
7.471363498837606532e-01 -2.481595184768731199e-02
-9.795808645104422396e-01 -2.799962074132598677e-01
1.018348526808347948e-01 -1.617132997658989046e-01
-1.567015429669748050e-01 2.951689206574555427e-02
-7.751861873367077438e-02 5.675358346622655370e-02
1.349449448799177054e+00 -4.777961467752003255e-01
1.621831216140893761e-01 -4.441292335261265434e-01
1.028003685089569741e+00 -2.930339452124857691e-01
9.000244512019242027e-01 9.744516847488340350e-01
-2.970321764296280920e-01 -1.354095243610867194e-01
-4.014533656571589448e-01 -8.455808581248681621e-01
-1.442554233819733078e-01 3.157042743844966359e-02
1.456723350110803450e-01 1.094659385563831577e+00
-4.706740505806203401e-01 -2.823461957102573194e-01
-2.024565134897923779e-01 2.696513548108825931e-01
-2.200684531745312200e-01 -1.556211835440918234e-01
1.038938142061677228e+00 -3.814150482124875619e-02
-9.754411825989448559e-01 4.020759068047464746e-01
2.192307943207565668e-01 9.420681706358180474e-02
1.193433668327962049e+00 -9.714581830860595513e-03
-6.235935055800059246e-01 -5.333706448343635831e-01
3.612440690654949993e-01 -7.597187533172545804e-01
1.651076167192569444e-01 -1.527015351886039651e-01
-1.203079512821567804e-01 4.739884069915845793e-02
-1.227307369964687256e+00 -6.751576021624335899e-01
1.144819049908984310e+00 4.876682204420265121e-01
1.742867037413537989e-01 -1.156423410078379482e-01
1.014243870071253328e-02 -2.793190138630455288e-03
1.559480514524405892e-01 -1.120059387319899263e-01
2.114032142334524855e-01 1.880465826335545043e-01
1.004483217646784110e-01 2.846225939853100351e-01
1.753321993274598867e-01 -2.647054428661367309e-01
-3.374514066773421916e-01 2.212556408857305756e-01
2.333229788734091092e-01 -1.195990806998419309e+00
-2.867639349149828099e-01 1.007776562611104043e-01
3.984450298471390872e-01 -5.021172060484936361e-01
-6.107762998818441064e-02 -4.854073720523358060e-02
-1.622394588246273139e-02 -8.501195617110249847e-01
-3.164024855329708452e-02 8.691260767517416941e-02
9.496797517792818222e-02 -1.189782358580080968e-01
-1.208293217675999592e-01 -5.324305452895990165e-02
2.397493946219829974e-01 3.227292895128024419e-01
7.398416538271852527e-01 -4.740607109533543917e-01
-1.266492903434105755e-01 -4.538321465116809117e-01
-9.289977192455112220e-04 9.299062497105096969e-02
4.007630576445913029e-01 5.910358874398050633e-01
-3.642541456111398346e-01 4.241893986698577201e-01
-4.909758120828985328e-01 4.863290572501189901e-01
-9.881442513471707656e-01 1.297407262726434918e-01
4.653688690809001383e-01 -6.092421242312358043e-01
-1.951678652868564789e-01 -9.066215727479283171e-01
-3.106858379635556999e-01 -4.325620532367986937e-01
2.106996716486785881e-01 -2.864970590207564088e-02
2.895968187999191645e-01 -5.542170165305094764e-01
-2.835000798934583788e-01 -6.084007601834109935e-02
-1.286283695251074499e-01 1.493726893271900627e-02
-7.383253767799255463e-02 1.484077059485058026e-01
7.312518871573248092e-01 -6.959422438374202047e-01
-5.821423825122492568e-01 9.023354724927896697e-01
-9.960455974080315578e-01 4.125102969346726711e-01
-1.751925859990627610e-01 -1.353604722572820496e+00
3.463440292846263757e-01 1.103247943334112025e+00
-1.372817234848993685e-02 1.178853038161523203e+00
8.254099920283307634e-01 2.314589714966305833e-02
-1.247814823368518677e+00 -1.591924679482597249e-01
2.621967112666055699e-02 4.356227025340669856e-02
2.066066651863029402e-01 -8.277139462798566161e-02
1.104953809874900245e-01 4.555046816355742823e-02
-2.362254021348106636e-01 -7.285996069044237133e-02
7.245465756494051668e-01 -8.054222499334402485e-01
2.114955446794010430e-01 1.513731452536324906e-01
2.654209150536498418e-01 -8.377631125786317856e-01
-8.004508746106698824e-01 -1.063970461998965944e-01
-1.130875476017543013e+00 1.677435912324348188e-01
-7.361913009286986664e-01 -8.753101555715567805e-01
-1.097977663690610645e-01 3.507822713819663818e-04
-6.657982900092278555e-01 4.552188552324377691e-01
2.998231131700256902e-01 -9.556179794925114823e-01
8.568534747238933102e-02 2.943822713410818026e-01
-5.621137813723194876e-01 5.793185178350293008e-01
3.965720109397033455e-01 9.139118659264715283e-02
1.517383001243352014e-01 1.717652274813038504e-01
-1.140307443316311148e-01 2.935340419753690866e-01
-6.880388893257038951e-03 -1.075315609894578195e+00
-9.732392755904931136e-02 -7.865328632660645303e-01
6.140424594544648951e-01 7.580932875107518898e-01
1.387729492792772745e-01 -1.723528213617446792e-01
-2.320804122636908606e-01 -2.073483485408738614e-01
-1.629034099725613915e-02 1.356425129312480438e-01
-3.186954914811083173e-01 9.184175090259451002e-01
-1.935154380578502642e-01 -3.368037654188638791e-02
8.965219665697284901e-01 -5.000630143857621723e-01
-2.217407437796624636e-01 -5.286873463951041741e-02
-5.277319900104060491e-01 4.883854707721191901e-01
1.528002147618663931e-01 -2.613885933378231052e-01
5.316643491342841754e-01 -1.028567566548182821e+00
-1.066710496799299773e-01 1.043011426036585476e+00
-1.907416633189631672e-01 -1.444453185476629598e-01
3.651236893572992748e-01 3.710519504616315301e-01
2.084614232202694484e-02 -7.430997946449452440e-01
8.945902963152913695e-03 -8.341143399558711424e-01
-6.194442407858054972e-02 1.527744275243626826e-01
-2.611805462907487163e-01 3.333049866800763539e-01
8.020335710132159290e-02 -9.605004761599873486e-01
1.423313768463351225e-01 -9.983551733039121301e-02
-2.041418627433925492e-01 2.245844107737798023e-01
-6.167190297929021903e-02 2.154993806246970345e-01
1.415640383930882040e-01 1.085530523318125051e-01
7.036201736674219109e-01 8.019664353617779184e-01
-1.238557124836791173e-01 8.755014547696657323e-03
6.039434423472155311e-01 8.285950975729864387e-01
2.871499970241280786e-01 -1.304541107227033814e-01
-1.194454995191072788e+00 2.726541110857186312e-01
1.160884997712272826e+00 -5.931132315705589519e-02
-1.706638541074931015e-01 5.025757302706935353e-02
-2.293699775358906678e-01 1.872321462560974648e-01
-2.455756513485861658e-01 -3.273278699144295256e-01
-7.915524507946081201e-01 2.230709129954207837e-01
-4.170738187670016556e-02 -2.797991342635407497e-01
-1.739830138904603640e-02 9.658589140591064548e-02
-6.768207192659229099e-01 -7.198515483360576339e-03
-1.356481135575594021e-01 -2.363873829278865246e-01
-2.336270083720888568e-01 1.154094125825589678e+00
4.361190154083565140e-01 8.261574458477689564e-01
2.547354637030830871e-01 3.214712256694547687e-02
9.109673997636593690e-01 -6.610357086962770357e-01
-5.491780643861241540e-01 -6.223431604060323252e-01
-2.445077549910936177e-01 1.130390037894630773e+00
3.101756593698778430e-01 2.051986040363111830e-01
2.615937296830993242e-02 3.109216725826240979e-01
-2.189653251814381307e-01 1.007231432655447956e-01
-9.098037540762851094e-01 -1.546865706692056308e-01
-1.864301758252946417e-01 1.149672348742124539e-01
-7.601933967384563728e-02 -1.302849003395551986e-01
8.465611152740695755e-02 1.378954728966058085e-01
-2.487072376373336835e-01 2.716959942791951077e-01
-4.514108032175950802e-01 5.549862315207794161e-01
-5.671043788375373929e-01 -9.163949377476853231e-01
8.661078642968637886e-02 3.000134303809945946e-01
3.348635543042538520e-01 1.585484592091575551e-01
1.694743205915884565e-01 -3.957937744038777378e-02
-5.025204636342686104e-01 1.074892217080256396e+00
2.834504196648564012e-01 -2.255482855622848726e-01
-5.295410666551256251e-02 2.346904465028887832e-01
6.941551158799461607e-01 8.790578542576538146e-02
2.456118497817970370e-01 -6.180745631795432626e-02
-1.356990065464990392e-03 3.466937809436701490e-02
-1.534007412008826787e-01 1.679818996676297749e-01
7.104605494557798828e-02 -1.041551089037166811e-02
-9.822875668883987443e-02 3.795892865761417434e-02
-5.281126879662506601e-02 -5.045634332290008933e-02
1.942783458004886388e-01 1.161168715394860912e-01
4.829147580596796496e-01 7.809572663034607398e-01
3.995000947234434996e-01 8.564389962821984392e-01
1.197894643942502280e-01 1.250101061618732468e-01
-5.872093588686646548e-01 1.151817775876365468e+00
-1.773403064368055948e-01 3.150648001124073394e-02
3.384652485543813150e-01 -2.252436203714214269e-01
7.501278184717005137e-01 -1.061572571014478272e-01
1.047730532856553598e+00 4.049190943356560934e-01
7.872257920414258425e-01 -4.582521355647156125e-01
-9.964819267419799953e-01 6.006234884789670714e-01
1.413114706824819544e-01 6.747485951074096988e-01
-1.724980947617030247e-01 -3.688417535613777165e-01
4.390289936954672179e-03 1.478557652143325241e-01
5.371216409990038354e-01 7.409919651700958010e-01
-3.663702401364872241e-01 9.790093549530807238e-01
3.932736334475396556e-02 -3.431630264610463499e-01
-4.561204848474793572e-01 1.019329923857540399e+00
-4.847289356368536528e-03 5.458555378661439361e-03
-2.396135982029375666e-01 -1.006674178338949760e-01
5.188638491713625234e-01 -6.506910799843136639e-02
-3.145386492828823877e-01 -6.860847058927880271e-01
-2.168619214123264360e-03 1.150763574962946900e-01
-6.852624200697521317e-02 1.131567989647625505e-01
1.649172580816592737e-01 1.805932126513031255e-01
-5.000645564340315818e-01 9.405331668969638681e-01
-1.888095490812968791e-01 5.278143312995089986e-02
-1.303348739303089587e-02 1.050423749334108425e+00
8.615722821884082006e-01 -5.965142821749205293e-01
-1.441835032119642701e-01 2.618743890092907201e-01
1.058195279487301521e+00 4.351574266205938679e-01
4.614630529534417824e-02 -2.266387281290325739e-01
-7.026768113553057971e-01 -2.402479009254526732e-02
-7.420650398424128991e-01 -1.482392617383250233e-01
6.770280699201095542e-01 6.706594197069071228e-01
3.216735343244357948e-01 -8.061896195471885962e-01
-4.146984881900979136e-01 -2.803217646197735391e-01
-2.247448200450232747e-01 -5.739972881452384823e-02
-1.374101208221629178e-01 -5.755173725199322354e-02
-9.122458525677787922e-01 -5.867628135451582461e-01
6.018685344373032597e-01 -6.874425652395949049e-01
-1.742670814106213051e-01 -2.945252789192602527e-02
-4.828890996075122510e-01 1.073053138913869331e+00
2.982819080437280612e-01 1.205323533624286014e+00
5.455156203007288651e-02 1.330693552608316343e-01
6.202208231246633119e-01 7.049235298266003369e-01
-2.451029763170202991e-01 -1.037709983791519575e+00
2.807180575822513235e-01 1.030472105416958772e+00
3.963871357473341406e-01 -9.491309391919680594e-03
3.614200289362400065e-02 9.383966013316090704e-01
-2.553488897348650810e-01 -1.146655503790903197e-01
-1.792238715706870322e-03 -2.289488465903791736e-01
-7.644591218805299460e-02 3.971333411158573523e-01
3.360982377795751486e-03 -7.903099340335666134e-02
2.359650368832647838e-01 -1.052128265738065116e-01
4.732894554383874630e-01 1.552585940598404379e-01
-3.928128975679771873e-02 7.774418390353429742e-02
2.530637154356017993e-01 -1.230164888070706564e+00
-4.847286973702367163e-01 8.983252956536751377e-01
3.023188214810920704e-01 -1.130314081450263103e-01
-1.548539320463634406e-01 -2.877502796280734798e-01
6.109105768717270069e-01 1.045018197901826262e+00
5.148808093288700927e-02 -1.751242090097204218e-01
8.528810868496994324e-01 -1.057117367596970003e-03
2.656159839097671505e-01 -7.606626222439965002e-01
9.798930235413099155e-01 -6.694681502069635970e-01
-5.707037971657690223e-01 -1.063823238907684487e+00
1.812980760789359436e-01 -9.243842581515895884e-02
8.162521206812256569e-02 -2.917165435512479865e-01
-3.632075937998909682e-02 -2.194636928825328959e-02
6.090672546947667465e-02 3.474366852070405742e-01
2.825619575659463756e-01 -1.202227085523014383e-01
3.955123953146665039e-02 -2.238753118322689417e-01
2.939285070619570561e-01 7.094736911942568780e-02
-4.806390239084428195e-01 -1.439391247091314607e+00
9.137200756581054240e-01 7.231359831070779398e-01
9.737260806126799562e-01 6.745104216534780761e-01
-2.000860481094760002e-01 8.712084499425165607e-01
-6.316237181420878422e-01 -2.852232113171248029e-01
1.803139817382051757e-01 9.609958755385963336e-01
5.701968539468483810e-01 5.240442914790168771e-01
8.682322474367598630e-02 7.109378386476096490e-02
-4.531048247874308044e-01 3.192141157458339151e-02
-5.855868260173390238e-01 -9.490658587272720048e-01
2.333285976795103633e-01 7.542467273056530086e-02
-3.814420290076697695e-02 -2.991969907348351887e-01
-1.761531523217518824e-02 2.193539458177574675e-01
5.565363140722465740e-01 6.884238123954293798e-01
-2.511583309771691086e-01 1.274529869108902425e-01
1.027403767894074171e+00 4.688098166249201615e-01
1.018500037303508243e+00 -6.479748650026815326e-01
-3.842650339835926299e-01 -9.361187637332367695e-01
1.724765703408114303e-01 -3.035820167466962705e-01
9.721923479940585144e-01 -5.641472900181769834e-01
-4.282960517229725261e-02 -1.624753294854649699e+00
-1.082086272392802417e+00 1.030345043502535196e-01
1.107205712869041014e-01 8.997249235369439990e-01
-5.779986722261152288e-01 9.220930499425500360e-01
-8.071482332430568452e-01 -4.931022203550772254e-01
-1.336384551324175662e-01 -8.834052387046515964e-01
-1.848574406734738163e-01 -1.050562396876165039e+00
-5.977787563659673342e-01 -9.959566051810369025e-01
1.049912052093473047e+00 -4.658200644717057637e-01
-1.006230689811626888e+00 5.261096469670817344e-01
-1.030631719627032705e+00 -2.748056512876465574e-01
-4.372563208117281608e-01 -1.589548675400448419e-01
-2.868006011607728278e-01 -7.833751541011133024e-02
2.776543502193241086e-01 1.146364943481892329e-01
-8.114307731881421626e-01 -5.434918740275282989e-01
-6.743690040890037984e-01 -6.070826498133495841e-01
-8.666765651310743834e-01 6.363775512064893947e-02
-1.150177058171037769e+00 -1.062227425076840981e-01
-7.475977145847044758e-01 -3.740793236723858883e-01
-1.006083351779458041e-01 -5.705211872295712361e-02
1.263913119956637798e-01 1.778041778459816535e-01
-3.627303308829368800e-01 -8.481573550618661805e-01
-5.100131920416153264e-01 -8.214686117426753809e-01
2.307300083131879620e-01 9.655364155707075735e-01
-5.385534507265952175e-01 -7.475159820898831242e-01
2.548447286708425130e-01 4.550490114457796942e-01
-1.234684311451722749e+00 -5.511846278445364788e-01
-2.174464988321102021e-01 8.903374622180781905e-01
7.237701229766191346e-01 3.707743481684662168e-01
8.285354319545957802e-01 9.435096192759387934e-01
-8.765476522334643139e-01 -6.507525802318091523e-01
2.493682733360131909e-01 -9.002617804303178484e-02
-9.027309886458236010e-02 -2.320770527239381931e-01
8.848241850934845942e-02 1.627809831717920430e-01
1.052081145563420250e+00 -1.985225334027809763e-01
1.564777934057225983e-01 5.413213924120320597e-02
5.831644806172736617e-02 4.887456489700756773e-02
-6.846674558663203847e-01 -4.441011920413572844e-01
8.092069809566736494e-01 -2.708456303075361116e-01
-2.333742111721154588e-01 -2.818021301339084794e-01
-6.513112595830924390e-01 -2.808100837342723533e-01
2.388569014988509154e-01 -1.221765480294387585e+00
-1.198911726633836161e-02 -1.914274242922978098e-02
7.554114169732335515e-01 8.340068677141139197e-01
-7.722483020780770424e-01 -1.004966794579115641e+00
-5.252810712005975269e-01 6.893193178498518980e-01
5.126430970875591742e-01 -1.203401019528133276e+00
2.261983909682904192e-01 3.851687887935210108e-01
1.186828186910651589e-01 -5.941295112252634181e-02
9.857380616734834344e-02 -1.354033956358574597e-02
5.333650559912538752e-02 8.275471089168241756e-02
1.462718533947977129e+00 4.196661970836762512e-01
1.413298691879147362e-02 -3.966203177057902041e-01
8.113326960097030915e-02 7.041894517352553784e-02
6.091456002701551853e-01 -8.101674578798260251e-01
-3.735207403162699169e-01 -2.392558152757457979e-01
-5.710145340928874935e-01 5.697062296369239665e-01
-3.545329736847837587e-01 2.807937756228745529e-01
-1.153733601602150438e+00 1.802265467572572444e-02
7.943884380297430159e-01 -5.951519402144442861e-01
1.613702365670370287e-01 6.851166178749434205e-03
3.792317546505331871e-02 -7.271021699075473632e-02
-2.589292929390387688e-01 -1.635512543678477315e-01
9.058550574555575274e-02 -2.481445915045315809e-01
-2.295925427077136483e-01 9.532423246256459537e-01
2.168146630145050824e-01 1.227107869090711817e-01
1.134816643788683965e+00 1.988102113447022812e-01
-7.962226735342022022e-02 -5.220998155211103303e-02
9.755116218032827691e-01 -5.232573931432165093e-01
6.985078273506281632e-02 -1.076928893977320417e-01
1.099113644600741013e-01 1.869937019818447010e-01
-1.064035408712324382e-01 2.544681084172836227e-01
2.074654408632492508e-01 -2.635083374272189638e-01
-3.379110690637558978e-01 -5.254541088614288202e-02
-7.958162936801033149e-01 1.475689702034871376e-01
1.448746178458607536e-01 1.046950182952151254e+00
-1.016315425569847886e+00 -1.076277905227074339e-02
-8.446300709398903983e-01 -4.178520835797296940e-01
-1.273294046898969745e+00 -1.026030918779516077e-01
3.842949483503134422e-02 -1.024512779041857558e+00
7.322377206857750842e-01 4.638912137049228113e-01
1.658687167159867970e-01 -3.211163219698687232e-02
-3.927487202359938867e-01 -6.804214237640104912e-02
-4.024774591697801718e-01 -3.212852625166604664e-02
-4.231163530163260106e-02 1.796656031300104261e-01
7.827036653634548147e-01 5.377786208221211339e-01
-8.850785709662500889e-02 9.063333544557998778e-01
1.024924498890781077e+00 4.106012198741961217e-01
3.205612166221298853e-01 -7.965544456797296613e-01
-8.800655004388691083e-01 1.082408598454471099e-01
2.792399370302162120e-01 -2.291185355904262755e-01
9.197923798722240640e-02 -5.244211165853014389e-01
-1.150659946444108905e-02 -1.793836839528169524e-01
3.110692127031401966e-01 9.832284271003690623e-01
-2.239175657045259227e-01 6.440628129555030223e-03
7.267268771132922023e-01 8.693738989625017233e-01
-5.319613835043264238e-01 -1.121426248093895239e+00
2.887147363478923534e-01 1.184993448223147228e-01
-1.751791131492540232e-01 6.954210253148902510e-01
-9.849304540113537620e-02 2.587523461058629515e-01
4.653186027372983868e-02 -1.978954162726695998e-01
-5.381756182263248700e-01 -3.697015599447381895e-01
-2.913577353463550623e-01 8.688558103557217915e-01
-6.289734600004360798e-01 2.575959768151199203e-01
4.555602971200048423e-02 9.616989683585890070e-02
-1.067367105415040485e-01 2.038625077413667719e-01
-1.267595972285305406e+00 -5.781761119580964836e-01
8.453960016662431798e-02 1.200151243861523054e-01
4.126773132509324871e-01 -5.498460898204369229e-01
-7.313051443046520994e-01 -6.426898610825177993e-01
-7.782167626313374331e-01 -8.345029463062774155e-01
1.989215024602388471e-01 6.682601867326590783e-01
4.204358136672701196e-01 1.275635223772641824e+00
1.512338529325370495e-01 -8.791889506720891312e-01
4.135505241077648275e-01 -1.354398002647797528e+00
-7.604578065856222313e-01 -4.943344700811563852e-01
1.015182116156223335e+00 -8.548419078644614588e-02
-7.809427996725125665e-01 -6.303208362947683163e-01
-7.007105920479662908e-02 2.150972493570460498e-01
5.148334366173893395e-01 -2.932734808829209339e-01
3.631738410329090477e-02 9.560604830486837957e-02
-6.123186888485394608e-01 -7.705515904331703414e-01
-4.754495299103265182e-01 6.489246729976853867e-02
4.889804825021455414e-01 1.641547365064887909e-01
9.565230974600726077e-02 1.869595601318940203e-01
-1.325818199949359566e-01 1.908898449508785455e-01
9.677216047516836728e-01 -5.692556969471634920e-02
-1.709646706716441145e-01 -3.688462634787011141e-02
-7.944078155948133269e-01 5.710388057964997932e-01
6.701185851982527364e-01 -7.710017375252451455e-01
6.862933731531368764e-01 -6.024724375808329091e-01
-9.065041980962200707e-01 -9.338662122940809551e-01
-8.966308332180632501e-01 -6.599272361511643314e-01
1.062066256118579521e-01 1.014389371668579454e+00
6.724139639050428219e-01 -5.777445743580782445e-01
-7.887354604548760251e-02 -3.497003419843682792e-01
8.952049610425398818e-01 1.204513736888278286e-01
1.715261583794845390e-01 1.772073545827071994e-01
-4.014404481669067715e-01 -8.020901637441621435e-02
-8.209337230698574572e-01 2.463734292354061162e-01
-4.914993964108186897e-01 6.901164784831970156e-01
-1.025165274399884696e+00 3.504166488709943295e-01
1.270740842320578601e+00 6.379733288515667677e-01
9.673844074728277231e-01 5.808457968902761559e-01
1.347543155204730669e-02 -1.597293423447388450e-01
7.990034676703978711e-01 -3.963310181878684224e-01
-6.235504263671829417e-01 3.917631152167360131e-01
-7.254094609144368100e-01 1.389013662961635365e-01
-8.549964341849640437e-02 5.271198755818606863e-03
-3.383430837482539477e-01 -1.000609050775206565e+00
-2.282792623410082045e-01 3.275654348678798747e-03
-2.927637422391495825e-01 -3.172110246439773795e-01
6.655663915594679514e-01 -9.693023457689176059e-01
-1.755798425776415317e-01 1.119685456464208473e+00
2.929566008792496359e-02 2.746059589042588733e-01
-7.881066992227762080e-01 1.291403638399971632e-01
-1.040856397874005079e+00 7.214351163938236278e-01
1.200648719725833313e+00 -1.893362611458028755e-01
6.252357194268343132e-01 -4.253042276250613707e-01
-8.009128035603205187e-03 -1.281398584020797538e-01
-2.994621077722278146e-01 8.469599235499165601e-01
3.009227563534620509e-01 -3.121985043519180381e-01
8.501898640424795373e-01 3.356443047509262700e-01
4.053681154015176952e-02 -3.280225493738839204e-03
1.568762822534897627e-01 3.306074244009134244e-02
7.256190379177824834e-01 -1.652064144444231331e-01
4.949337128894040760e-02 -1.063876910342468757e-01
-2.599992506019327410e-02 -2.687830644445231287e-02
4.041987038021754852e-01 1.297559261409611531e-01
-2.613827929525880389e-01 6.345634484749775872e-01
1.646589454209606562e-01 -9.948426447120287119e-02
1.202165014791222730e-01 1.744402227549554096e-01
-7.665175600451090698e-01 -1.103541014578716339e+00
-9.308295820541129251e-01 -6.917458457288427898e-02
-2.656415309187351581e-03 -1.076206247233652546e-01
3.620393983892771228e-01 -1.104242332063261056e+00
-9.297745874784334452e-01 -3.931718990096113031e-01
3.068361432734519889e-01 -9.119079730974755105e-02
3.623710981507506368e-01 1.308681371274211580e+00
2.233854721065185456e-01 4.086717446604551385e-01
-2.802367214068032797e-01 8.925233870084388066e-01
1.247455288868317247e+00 -2.058506536874324389e-03
-1.135312576977769439e+00 -5.733510033904332115e-02
-4.541622495105538393e-01 1.005650499582836366e+00
-1.745497650474949480e-01 -8.890076943610344604e-03
1.877386767544506618e-01 1.661904180117224905e-01
-3.923294659926164774e-01 6.242635512608644133e-01
4.072428923596259076e-01 1.426497110050719552e-01
9.960504918960314535e-01 -1.376192562747116099e-01
8.826897728625826556e-02 8.212768174174063240e-01
-2.626906698618925451e-01 -3.434357969727273863e-02
-5.968884022270740664e-01 9.471636778644858534e-01
-2.260460444035101713e-01 4.500901422964297405e-01
1.013509577108266058e+00 1.635130931850878322e-02
1.090853999815837527e+00 -1.176299365671932051e+00
-2.548261030377911851e-01 1.182306480163331924e-01
2.286936868834399950e-01 -9.962527176363410453e-01
-3.805786221947246029e-01 -8.824097132282257006e-01
6.094238611365968006e-02 -7.168749218721971739e-02
-9.980489278162234523e-01 -9.345622397112893776e-01
-1.382490181054784273e+00 1.557060430046476041e-01
8.320693228613199599e-01 2.507607904482951899e-01
-9.496372744714036696e-01 4.848788471018459223e-01
-2.629047948625741760e-01 1.086340723830819588e+00
-3.616740600078283685e-01 9.063854120660493896e-01
-1.657265355934389728e-01 7.254796039941781016e-01
-4.733277823805228518e-02 1.066984164351013759e-01
-7.989982691144717486e-03 -6.314416683679814624e-02
-3.449988678034868889e-02 2.591078737266624410e-01
-8.669475558560957307e-02 -2.702865342337942151e-02
7.593041322949691807e-01 5.472358987355966375e-01
-3.117476425861354095e-01 -1.759317285133606690e-01
-1.664190968673930071e-01 -3.124591928734354873e-01
-6.326166663310350824e-02 -5.373462234644982294e-01
-7.729277328028449912e-02 -2.067638997427835856e-01
-1.542436878094088359e-01 1.746681955136761555e-01
3.038838057402572512e-01 1.980047359361055970e-01
1.667129969548368784e-01 1.216205819744368977e-01
-6.879522203986929707e-01 -1.093413462751090248e-02
-5.143503647191336459e-01 4.182917852659350233e-01
2.136300854152177464e-01 7.819212081765589129e-02
-9.170695520979854631e-01 -3.849843906515407199e-01
1.086658592088313169e-02 5.360690939655959886e-02
-3.829871071210749767e-01 1.630399100765466680e-01
1.160461990732609028e+00 -1.203382059715291802e-01
6.596652023865465231e-02 -5.099482655108733553e-03
6.094885473598276038e-01 8.465738348982863037e-01
7.591945726983382325e-01 7.095598193034444723e-01
5.012979121539521410e-01 7.239188099746152183e-01
-4.747251242386947290e-01 -8.789662254999371926e-01
1.013875262834894153e+00 -1.602037826697871870e-01
-3.804470938892630105e-01 -1.075069906916977569e+00
1.038694018861540558e+00 -2.621748450271389475e-01
-3.425235806926400783e-02 -3.875303453914440144e-02
9.920875618093610848e-01 -6.322544319462221063e-01
2.078707485914220165e-01 -1.449387840312392761e-01
-2.472632430712213558e-01 -1.384894957142293603e-01
9.325807522176219333e-01 6.172809276849605675e-01
1.260524106701412794e+00 1.867726996772420267e-02
1.222626195807961225e-01 -1.615522586839947816e-01
-1.145290478723504313e+00 4.511186503202907483e-02
-6.712615739718750252e-01 -9.542177940280601733e-01
-3.311507580847408150e-01 1.300816471256424522e+00
-4.851824556737700522e-01 -3.765769134238392546e-01
2.054995806221978361e-01 1.997218131055480961e-02
-2.869471006526309598e-01 -2.283983306564157933e-02
4.179318477473961124e-01 -4.829328809050744686e-01
3.022993133026775081e-01 3.752611828925268567e-01
7.958592317520118975e-02 -2.554367253162287410e-01
5.465342392610635092e-02 3.090485560508137719e-01
-9.119720012386304253e-01 -1.303272915671951915e-01
1.275184640799512381e-01 -1.738030592883428316e-01
1.077268354579774129e-01 1.527787714368710470e-01
2.228581647606951988e-01 2.669955308808290573e-01
9.116107164966300580e-01 -8.054442001468204992e-01
-9.490562823827032590e-02 2.411915768554873454e-02
7.181491357374285289e-02 -1.384262556184382431e-01
1.186090892845593103e+00 -4.925180631720887936e-02
3.335099455342103170e-01 -1.041875897903431936e+00
2.177735520848279593e-01 1.922681764787352865e-01
9.327785249562881020e-02 1.614699582427174818e-01
-8.420106755894544159e-01 1.639028682299106809e-01
-3.043813556193945002e-01 -1.876444893874132935e-01
-7.432298605811651915e-02 -2.979437617574606789e-01
7.643482961573749845e-02 -7.238855116968873071e-02
-2.099803721956947367e-01 2.807842195514452521e-02
8.639593425952792061e-02 -2.356924772312754546e-01
-2.488757439855072695e-01 -4.188043842543805462e-01
3.070654268419741872e-01 8.673615415388074013e-01
2.385813674281738739e-01 7.046152807024763653e-01
7.445134623032009236e-01 -9.715685501232171895e-01
-3.720151887890321696e-01 -3.324565563296847381e-01
3.769229253752764963e-01 7.900655629165258542e-01
3.042101804310228808e-01 3.568161559865922206e-01
5.868117264027818969e-01 7.617865450817808970e-01
-1.181776334820578533e+00 1.316282429975180190e-01
-8.137315558631509627e-02 -2.056008960733038404e-01
-8.672449829351611128e-02 -1.102326819238523548e-01
-3.014152069248339783e-01 1.009098978160510640e+00
8.613666382916053410e-02 1.428609687317604349e-01
-2.493273824754089485e-01 -2.458266384566410168e-01
4.928434847459183255e-01 1.090200620731753833e+00
5.179962454711767306e-02 4.668368913274261595e-02
-5.718540694953735404e-01 2.647397816003329574e-01
3.004040705625090624e-01 -4.283625065721763381e-01
-6.083329355863367066e-02 3.372196080484359260e-01
-1.079461590712498920e+00 -3.199646129841205999e-01
7.855289100712108397e-01 -6.063667352442728697e-01
7.379073719865668346e-02 -3.503641796616766002e-01
1.577028571656068356e-01 -6.450094490314159379e-02
-2.619949137890956181e-01 9.373383140581590528e-03
-7.267021803995780127e-01 -9.590068164511340587e-01
8.397660333038403646e-02 -7.791655811963633660e-01
-4.473201869031710048e-02 -5.156960005104209085e-03
-4.005833481912903227e-01 -7.899453738954564930e-01
1.593442831107464985e-01 1.246873874551357453e-01
-5.473456913144990610e-01 -5.828598872402276226e-02
4.539164135573531822e-01 -8.877230351124243413e-01
-1.063550582956826362e+00 -5.355891038443942875e-01
-5.068947123161573476e-01 4.530977577068497908e-01
7.866866463980410895e-01 6.314333630248364360e-01
3.135671635032794002e-02 -2.342178673123539168e-01
-1.659775142550817817e-01 -2.952316175400247766e-02
4.361827407861858935e-02 6.794147718736354147e-02
-9.631632763643699358e-01 2.414263318102345401e-01
-1.366756205173658589e+00 -8.994074328570389465e-01
-8.423421588765349632e-01 -3.107805779071731722e-01
-2.910633267333367358e-01 6.284080563602771619e-02
-1.133983330664832673e-01 5.205462603480056627e-01
1.367911342719619616e-01 1.989957957950999057e-01
-8.184124446855206569e-01 7.973702635156160179e-01
1.166652104097545717e+00 1.198447007991799984e-02
2.006775487268878666e-01 1.295201244976155408e+00
1.096553799074678204e-01 -1.446337162247674502e-01
1.847551228644659926e-01 1.887253030695197897e-01
-3.749737947245729841e-01 8.359091593248864083e-01
-1.487269909048008210e-01 -3.087699442548642870e-02
-6.911407359874703893e-01 -5.964533569863627038e-01
8.538688834561491969e-02 8.931326169610614985e-01
-3.916423418681683755e-01 -9.888608167695800422e-01
-8.930025001941505058e-01 5.138876758959574076e-01
6.491403914626137084e-01 3.976156220969454536e-01
-2.220524771179233081e-03 -1.020641782309882784e+00
-1.288788429101103417e-01 1.317029680985275508e-01
9.755382394633980991e-02 -2.248060881983486303e-01
2.772515992333687285e-01 -1.347995209457765742e-01
2.072353130487833706e-01 2.818594901098229744e-01
-7.207825887944273591e-01 -8.711837015410952567e-01
-1.039002395838631992e-01 1.724318755549522075e-01
-2.557139480185242064e-01 -2.031717947526601176e-03
-2.110377577121130555e-01 -3.905310852018818724e-02
7.727872324469987619e-01 5.879006738408011357e-01
-9.417465355397630633e-02 -1.542939850315825923e-01
8.476018327387679560e-03 2.966288060185945374e-02
-1.267941457364427871e+00 -9.443463999117566177e-01
-1.494096001234797855e-01 -2.375207259871873755e-01
3.113580410402355114e-01 9.219768056718637972e-01
1.622287842642667899e-01 2.936241903202752579e-01
-8.507059783366062167e-01 -1.028939836206688829e+00
6.311261555962677239e-01 -7.387947082751435968e-01
1.111367523606904550e-01 2.303225814391580695e-01
6.380835804431013447e-02 -1.941656890034373223e-02
-9.237115915015194911e-01 5.302488248215678768e-01
8.778775084881798585e-03 -3.334413163520077994e-02
1.985419456163459162e-01 1.288673886439397620e-01
-1.231595493035144928e+00 1.820515765960708521e-01
-7.970741955214559749e-01 4.849159233619104725e-01
1.160297103342473463e-01 -1.770014391889589422e-01
-1.108439662136905035e+00 9.294070020858957726e-01
7.350413770715617801e-02 2.946088694554905851e-01
-3.651651999074870814e-01 -2.115358589181494109e-01
-7.628340308564260930e-01 7.658863307695535916e-01
-1.148299840122813942e-01 2.662597822255141078e-01
4.931099184856393425e-01 -1.087135182871654893e+00
-1.689454767038682248e-01 -4.704088202420202425e-01
9.820148830447033017e-01 7.573270374821066131e-01
-3.685008043871346173e-01 -4.584742783895698892e-01
1.787458321959495833e-01 -8.250669241067201676e-02
-1.808387009261521461e-01 2.563023246690723789e-01
-1.327802451268962791e+00 2.803067033688874665e-01
7.354327206988641175e-01 7.193241661923683861e-01
1.046439933625742391e+00 1.207622691162993644e-01
-6.494396386957724809e-01 7.501732563365462458e-02
-3.472817092890488899e-01 -3.317045117886761041e-01
2.432304158149352080e-01 3.204274765685348192e-01
-4.762357674272209296e-02 2.223474528636066039e-01
-1.704977551066601538e-01 -6.211031861470708293e-01
2.560074756051818334e-01 -3.683702089838706423e-03
-1.365460741282692458e-02 1.152671661770571010e+00
-1.428012015901447829e-01 -4.029715137887802667e-01
-1.059203090539502928e-01 3.241901918002568772e-01
2.767419775003303051e-01 1.130549439897711589e-01
-4.974571951590268104e-01 3.601032112324749346e-02
3.741128872945074235e-01 -1.021236547325703459e+00
-1.090999886809855157e+00 -1.232119205473397872e-01
6.692038827774293708e-02 7.890083363466569855e-02
-9.637675124124858161e-01 6.213384265798363448e-02
-6.257924427579241167e-01 -1.252656693146125377e+00
-3.182631426922793993e-01 -9.984945115320531528e-01
7.871197838275771630e-03 -1.837739743586454810e-01
-7.231648731120376983e-02 9.603928310075140473e-01
9.589301487582984063e-01 5.954065422058918422e-02
1.574763018338461162e-01 1.396093827890202144e-01
5.522255319370922289e-01 2.931244815001566306e-01
-5.763057805665521283e-01 -7.492669066196129268e-01
-3.038461497014759427e-01 7.860767965336552809e-02
8.092278845972043777e-02 -6.924864533664468191e-02
-4.053645224490992627e-02 2.392084947611166634e-01
1.516408660695629795e-01 1.027029409146931860e+00
6.440066855175768934e-01 -1.200048192979501216e-02
-1.278790355344327390e+00 -2.898332910303185184e-01
1.804111891136100654e-01 9.244147517289363902e-02
6.127249061684957310e-01 1.253626449529206210e+00
-1.007723588645730084e+00 -4.499352279230012241e-01
1.837717183307842339e-01 -8.280848045614490338e-02
-6.172053379727295841e-01 -8.275984444631959702e-01
5.423812229755651387e-02 -1.924998109401850899e-01
-7.200408669954388996e-02 5.845677223094565278e-01
-1.322798753406167760e-01 -1.146708880537981173e-01
-3.392393062147502913e-01 1.308372142159288209e+00
-2.176908237246000521e-01 1.125844839765830940e+00
2.307949646024344270e-01 2.836511025519906914e-02
-2.685905893055952065e-01 -3.587565340005371417e-01
3.341700217927331962e-01 -4.491029827455637613e-01
1.631717147752976826e-01 3.018354194512117838e-01
-4.640508507654825809e-01 2.061034831152595281e-01
-2.433125581857620290e-02 3.600670973703962163e-02
1.090016351474124567e+00 7.355615207611048145e-01
-8.417553826410328899e-01 6.454371700309410875e-02
4.359148348962888497e-01 -3.755202391642160076e-01
6.198654389590827485e-01 -5.091031509590355775e-01
-1.699542216252107329e-01 1.139146661733677623e-01
-5.437398495877959759e-01 7.666248423107078214e-01
-2.231752557862926034e-01 -4.184905489348456770e-02
-1.294101417991262437e-01 4.416977194433911041e-02
5.650529472912593221e-01 -2.668875723642410991e-03
-2.196572708032450971e-01 1.426408088460743573e-01
4.591436523885830123e-01 -8.593712637569576041e-01
-7.054495547459093130e-01 8.278981594800622901e-01
-1.492373708427426893e-01 -7.060351191892716427e-01
-4.143864242038835521e-01 6.882828030194701463e-02
7.571058678217379434e-02 1.373679275361749941e-02
4.811385398985241757e-01 1.002116270488656813e+00
-4.044041011366087401e-01 1.329115370473268609e-01
-2.703063369292310059e-01 -1.167665284002973758e+00
-3.347462578552659607e-03 5.047224267624205590e-02
-7.916371068003554001e-02 -1.117850093486603691e-01
9.157528278926477805e-01 4.313388835160377743e-01
8.373486353407161298e-02 -7.261241060491048227e-01
8.184854199983632173e-01 7.070224422954127785e-01
6.419490027013367017e-01 -1.023216133392524485e+00
7.746876082262472707e-01 -3.462913229620487310e-01
-1.186030476130217753e-01 8.627978195271793216e-02
6.240700203760779496e-02 -9.329501445641220636e-01
1.055660721497921339e-01 5.139333417900745493e-01
9.297864920292650548e-03 1.594944236786979275e-01
1.530285446783792025e-01 -1.038204716481650136e+00
-8.686983773750514559e-02 -2.721782111639253765e-01
3.044444208196768753e-01 1.331460308705600948e-01
9.852958563534626457e-02 -2.994139912559475869e-01
1.392074004147835220e-01 1.651136586271830242e-01
-1.218981576899566266e-01 -3.042158477223287361e-01
-1.275945313808277692e-01 1.062734168370758736e+00
-3.398726477715581784e-01 8.739185923815704360e-01
3.322957854435603098e-01 -1.527161852663974639e-02
1.335728152168824234e+00 3.109233875746554299e-01
-8.501816582695174151e-01 5.785674804477798361e-01
-5.688799986941104336e-01 -6.527861165265742560e-01
6.374953860047991028e-02 7.180339235073338044e-02
-2.179297881033517847e-01 -1.792158855519074279e-03
-7.290241368125169319e-02 -7.113087188679047268e-02
7.892983649725855699e-02 5.422985201095950614e-03
-7.676460923555482319e-02 3.317239274670547022e-02
-5.029299397020708939e-03 3.940014417335453017e-02
-8.682253082897350982e-01 6.198888762476099101e-01
3.323464624358490327e-01 -3.102814633749458040e-02
-8.352817427123210292e-02 -1.707638744419553434e-01
-1.395966149790993371e-01 -1.671635606557993481e-01
8.699512733357633865e-02 -1.356495898195850258e-01
-5.103662937468218808e-02 -1.792445065306694230e-02
-7.988815282670837237e-02 -5.300270914651215859e-02
1.135720364910512842e-01 -5.931580695773566031e-02
5.657150042568964698e-01 5.320006279264829496e-01
1.814713149102172851e-01 -3.834771798660416842e-01
-1.032522311401598669e+00 -7.438895563927312715e-02
-2.536171609242632852e-01 1.323066149421148752e-01
1.086747868471819256e+00 -3.824402389159418242e-02
7.344404578979921716e-01 4.952184332957829116e-01
-1.071327836402155564e-02 -8.399069169810749469e-02
2.143402166594505776e-01 -5.171224370309196461e-01
-1.787777469528827046e-01 -1.337513934507301300e-02
9.116621123582877018e-02 -1.129704714131906929e-01
2.000820233707917839e-01 2.518632940290848610e-01
1.850644588363430931e-01 -1.004603653964634136e+00
1.059510845522922740e+00 2.031520340248740286e-01
1.059113249159660430e+00 -2.451812189544129716e-01
3.884461283688974143e-01 -1.010388703563473711e-02
2.817645754169763039e-01 -2.167544099374449917e-01
-8.949743676848267993e-02 2.425930827490039576e-01
-3.490315380221947206e-01 -5.314254560925962823e-02
-7.082349583809207649e-01 5.233501711663639533e-01
4.347917289937389129e-02 -5.410429881203430991e-02
9.058908041258459942e-01 3.878799200416530035e-01
-1.164349566707604255e-01 1.008772912923828313e+00
1.216821925222486556e+00 7.958628000266700919e-01
-1.072992956203381087e+00 6.212546782811121382e-01
2.688087447309663869e-01 -3.483228605666913724e-01
4.093033714443760074e-01 9.072484030396543719e-01
-1.094688372592581116e+00 3.090498236992380576e-01
-9.912333628073802805e-01 3.107563720487334091e-01
7.958500835206577806e-01 1.957159420086502233e-01
-2.887681085600667941e-01 -8.349529688735742861e-01
4.084387443120167660e-01 -1.079452911693137146e-01
-1.050896524076386368e-01 -1.125167018680429953e-01
7.737952563663973438e-01 8.968778495567091280e-01
2.071968284112655212e-01 -3.245420197673092033e-03
-6.098203949057123124e-02 1.998013163902347400e-01
8.263472149218149543e-01 3.183358619094905362e-01
-1.399429330161642282e-01 3.546841914928593187e-02
9.651406670795313891e-01 -7.119090979479553161e-01
2.529574836038790409e-01 -1.591629584054318758e-02
-6.077973886018574190e-02 1.355070619259990672e-01
-3.363510890493797700e-01 -1.122913444821793394e-01
6.058624830158004793e-01 -6.987145845105484643e-01
-6.138709343851448397e-01 -3.460664490995624676e-01
4.381633783627414402e-01 -8.406405510290427818e-01
-4.281148975999609085e-01 -2.037486824878785574e-01
-8.846801531576019562e-01 3.043686172790557309e-01
1.152543358995524597e-02 1.365749250425866146e-01
1.050932275781660374e+00 1.864911850280309979e-01
4.390172361717345484e-02 1.689417662576261636e-01
-1.722958602270037443e-01 3.113221063822549928e-01
8.663651577364424039e-01 -6.058573749645688178e-01
2.228009180217854768e-01 -6.824908727612486459e-01
-1.866318316512323716e-01 -1.049790693333574609e-01
1.119174537701093791e-01 -1.373113995874309101e-01
-1.000611432033915171e-01 9.647372148217973897e-02
-2.820162463683333898e-01 7.557021506485474271e-02
1.795446127245309276e-02 7.955916990870985916e-01
-9.143450869971809780e-01 6.684329548398819654e-01
-9.519697342079026514e-01 8.939254862565835236e-01
3.258129474665580894e-01 6.554053580730019590e-02
3.545762656943139690e-02 1.303592111057285119e-01
4.322434866828950284e-01 -2.214292362432661310e-01
-2.646556157942843712e-01 2.945749333402460368e-01
-9.197829503879807467e-01 4.424935997559867329e-02
2.263966539680547785e-01 -5.712748913624662861e-02
2.305005173019469833e-01 -5.412472142962670985e-02
7.944823885007750164e-01 4.589829199250718417e-01
7.992759278469794282e-01 -1.132498493629132907e+00
-2.459064769093228797e-01 1.309606939020445449e+00
-9.029023963361448857e-01 -1.175226449934013567e-01
-2.462621925891517738e-01 -8.351383273653077977e-01
-2.142006804614892401e-01 -2.908609004006306176e-01
-1.090858735702124660e+00 7.525575883208907024e-02
7.272838692468304167e-01 -8.869395787231749984e-02
1.443680793888429958e-03 -4.843753812307018403e-01
-1.595142875205358968e-01 1.106375337241506662e-02
-8.684547466202918731e-01 1.844210341763037331e-01
8.031327087721769065e-01 6.206575849227955466e-01
3.102055226527059562e-01 7.908846111132392664e-01
-1.160614785013328598e+00 4.073993470012882701e-01
-2.092928837543742843e-02 -2.254211596844060694e-01
-1.948597300094753737e-01 9.498734264862902510e-01
-1.432512640310515395e-02 2.511353086809370860e-01
3.466533815794162199e-02 -1.399168462306223104e-01
-8.256104254229461592e-01 -1.830966029902588443e-01
-3.319560549643649217e-03 1.696308371512081081e-01
-8.953985172016046268e-02 -2.156190833523430050e-01
7.329022433029011019e-01 5.144681158292579992e-01
5.427060419236742067e-02 -1.136795139247387398e-01
-2.209474796112270434e-01 -2.654947861722023461e-01
-3.852010495209424734e-01 9.574919147943209419e-01
1.541631850958106731e-01 -1.193322888193983022e+00
-2.240605329223599451e-01 1.224233831796324390e+00
-3.456829470398620208e-02 1.270323783325867650e-01
-2.484346867060228947e-02 -6.081486235280271491e-04
3.097140777477982998e-03 -4.098583477112499041e-01
4.341422348494253791e-01 -9.568296883218880833e-01
-2.042566759338184101e-01 2.007564150156329608e-02
1.062157752630447760e+00 8.517552662581634459e-02
-1.371367826221058794e-01 -1.116671358236675099e-01
-9.284074486911061963e-02 -9.353216617963711066e-02
3.486199413424769800e-01 -1.176402466072218322e-02
-6.567728997216939479e-01 3.813476103084662561e-01
-1.156311674839554937e-01 9.210363479514255269e-02
5.636788811130162558e-02 -6.275993333766460847e-01
-2.913006016226425965e-01 -4.047739106143150023e-02
-1.273085790356424662e-01 -3.563413969843176599e-02
-1.353265751210425805e+00 1.114811967824860389e-01
5.721646278031757848e-01 7.209577917801247571e-01
-4.309144873462695813e-01 -2.468716998430560694e-01
1.465049749003977664e-01 1.011819281733340903e+00
-4.040801789978368808e-01 -3.507480744098603331e-01
-4.578857208356472697e-01 7.343612915379987838e-01
2.841407179436877817e-01 2.754170678252395588e-01
-2.254080497781232317e-01 1.043536134449693925e-01
6.957770626604764530e-01 6.948468775608066528e-01
3.291044657845364485e-01 -1.377835999911552145e+00
-2.948781382399878193e-01 -2.525388974121373087e-02
3.564416527154471437e-01 1.013827917112482824e-01
8.640652563449560120e-01 2.253801520927608271e-01
7.853332276877773577e-01 -3.064339947057828639e-02
1.207171029237599225e+00 2.200486409376623542e-01
-6.858462451861391251e-01 -3.533556960587523610e-02
-2.070971448075871746e-01 -2.776680618684880530e-02
-6.500685326247324092e-02 -9.809102305151370937e-02
1.234233328521558537e+00 1.095771919427859786e-01
2.056776268936593710e-01 9.467698508413403546e-01
2.121177276205737372e-01 -2.234039780621518145e-01
3.652114208803914908e-01 8.352890871427756103e-01
5.607132193023367517e-01 -8.870302068814860386e-01
-2.812876487951787574e-01 -7.136500793974235313e-01
-6.081154461988036442e-01 -1.108522988106555918e+00
2.905590920911718666e-02 -2.553394525575837792e-01
-9.681654779974208092e-02 -5.656782168312297215e-02
1.076346450613977046e+00 -1.344472183432269818e-01
-7.371174778718724285e-01 -8.119747882138782513e-01
-6.090849373207924966e-01 3.227417351667650758e-01
5.039014998314995664e-01 1.860378175015793001e-01
-1.889192960357820028e-01 -8.855602061965297533e-01
4.986286768282079951e-01 6.169573618543044979e-01
1.652389419531282155e-01 3.675767089727477455e-02
-1.044723274768458721e+00 4.937562551142389289e-01
-6.972672299926856443e-01 5.919745977875459086e-01
1.071161439154535433e+00 9.950342179163593759e-01
-3.802783513234609392e-01 -1.124852984833436542e-01
-1.679049031081107091e-01 1.020255086095985364e+00
5.971087359287211571e-01 -2.300029011251602529e-01
2.440519555408536545e-01 -9.383677459214184724e-01
-5.481246030652177081e-01 -6.561769862492710104e-01
-1.077692962097070328e+00 -8.849280462047540152e-02
8.435796066037659635e-01 -4.290260044502658410e-01
4.033041777276437090e-01 -9.308749718446128751e-01
7.481483842962874387e-02 3.245998870652519463e-01
4.375222703898998811e-01 -6.715861734711365827e-01
5.482677116055100462e-03 1.586243416302643428e-02
-2.837135481563576311e-01 -3.089224726636932705e-03
-6.679689044828169830e-01 6.565887034122426247e-01
-4.971031776299808524e-01 -4.542202910145000105e-01
1.449349683426608693e-01 -3.351976080327100371e-01
1.639772327102322347e-01 -1.172300683631370966e-01
-7.328744763630265502e-02 -1.142542599973941808e+00
-6.557129435423966202e-01 8.481926151089984600e-01
2.396428238315074233e-01 -3.642652298402472844e-01
1.327896460394347167e-01 -9.460574504291582865e-02
1.103600082948216765e-01 2.234170311262560771e-01
-1.123870483441453905e+00 -1.237831204905731342e-01
5.645366919440251152e-01 -2.757367562357102009e-01
-2.885617104345264972e-01 -1.089496806915181970e-01
7.461198070190901976e-01 -4.929338315739300591e-01
3.575669541659778905e-01 1.954572664017510675e-01
-2.202221496602835282e-01 -9.513542288457245144e-01
9.912007111107827839e-01 -4.111821170258218583e-01
-1.538832125209112778e-01 1.739207436490082248e-01
6.057473963416410978e-01 -6.603052869599885799e-01
2.033699581728754258e-01 -1.264008713843016440e-01
-1.533028127113009731e-01 -1.156716047735454056e-01
1.469017733593248332e-01 -2.241102146832420206e-01
4.323874005997585535e-01 5.479242623139918278e-01
3.387167400598068978e-01 -9.453034652255033754e-02
8.402326014431585333e-02 2.740850873223694140e-01
1.541051344999561090e-01 2.899870457101242915e-01
2.098404044140779467e-02 -5.427376187480331682e-01
6.295039373250100878e-01 5.514410892289046684e-01
-9.129464552950401490e-01 4.092511693594058642e-01
-2.477363827774210769e-02 -1.352862423815283099e-01
-3.979994374211119901e-01 6.359710410454211260e-01
6.398940820101535198e-01 -4.641958734636316697e-01
7.226133652700961196e-02 1.816959022155973102e-01
-2.233731307465045834e-01 -3.768489218949767905e-02
-9.282619505097436940e-01 -6.066833687673713893e-01
1.023395740564165546e-01 -4.873741542742550115e-01
4.048856706125665283e-01 1.979272330753961417e-01
6.352386962576410667e-01 -5.437746631747069070e-01
7.450458244419902454e-02 8.947723946737352885e-02
-4.325715035022705823e-01 6.020228307410971924e-01
-6.624285940107528525e-02 1.779139471924250926e-01
-6.535515939230334137e-01 -4.950574394308034920e-01
2.238864708173940732e-01 -2.115811508965138865e-01
9.677886327717585280e-01 6.318353543904331460e-02
-7.563294667579163466e-01 -3.987678192513103292e-01
1.055013552300340551e+00 1.802733575234971575e-01
-3.245141333490035862e-01 5.814471709488043816e-01
1.253497899277786765e+00 2.917592041708914063e-01
-2.948405746514307091e-01 4.104854906329423458e-02
-2.230467843348724888e-01 3.507755678401925370e-01
-7.266035386206338709e-01 -1.025781168188847570e+00
-6.706211167274023222e-01 6.740245285594670399e-01
-1.494423235658989546e-01 2.947485494468272682e-01
1.603611512380577198e-01 -9.221737812339028673e-02
-1.443412903159562444e-01 -1.304382102947201139e+00
2.916940286562318407e-01 9.543958849783878984e-01
5.619548815087023197e-01 -2.073756964254212243e-01
9.647200478924448930e-02 -7.281836076848324790e-02
9.072823433913266289e-01 8.165980766151076375e-03
3.730550661234301457e-01 1.100935543342056455e+00
7.221241118404775339e-02 3.973221121260507305e-01
-1.258603433484929354e-02 -1.020144606578947399e-01
7.638345734312474988e-01 -1.232844537015309161e+00
-2.627364490508274919e-01 3.295369686627157568e-01
8.628124265799067549e-01 -4.898545109687899024e-01
1.226982003345712807e-01 -1.085975957000692604e+00
-1.080646684586334727e+00 -2.264518940866363794e-01
-1.911535046689687989e-01 3.313528135220220050e-02
-6.268639902530074304e-01 1.114327965564640976e+00
1.056688089689207466e+00 -6.608692805699095674e-02
-1.333266143886925603e-01 3.195353982026098993e-01
1.210368545266328061e-01 1.355836273087643873e-01
6.404306072886825629e-02 3.591012003696313348e-01
8.617541324864019803e-02 -3.066599054272636238e-01
-1.396857993129243247e-01 -3.298109602110965710e-01
-2.156707348387781886e-01 -1.257161948330159928e-01
1.111740547888474984e+00 1.444568047938387390e-01
8.799108309583469900e-02 2.378790489306711053e-01
5.566782578907156775e-01 -5.748544488946050190e-01
4.305897532705497688e-01 -7.317628741129902359e-01
6.645146316106754769e-01 -7.275485190917848621e-01
1.630640030341491686e-01 1.355703900802736506e+00
3.361141588202236075e-01 -1.223049784744540069e+00
-1.945664485946966560e-01 -9.790711386043593478e-02
1.717034585789009304e-01 7.129321398986968039e-02
1.059578160186707696e-01 -5.692938943770269045e-02
3.653962056489690191e-02 3.480668478767445229e-01
8.037777953896785288e-01 -7.449317245148437960e-01
-2.050677133613994507e-01 1.363165684362914742e-01
3.705715911263834927e-01 9.472727614294365606e-02
-8.945768878214179765e-01 -6.164459234888522987e-01
1.244537960699521051e-02 -2.664909936066600094e-01
-1.241468067967629318e-01 2.540726464966860942e-01
1.478871361516772842e-01 5.790011879736634004e-02
-1.772509930756882568e-01 -2.424040839320204255e-01
4.637644499354082184e-02 -1.144670330722739271e+00
-4.140100935155714978e-01 3.209830594028426076e-02
2.623232066594325396e-01 3.077400748530790819e-01
-1.136724899365315067e-01 -8.360754243201840019e-02
-1.220585074467814168e+00 -2.350670247721443062e-01
1.264090980443119960e-01 -1.100965103263301215e+00
