1.856001401323629230e+00 1.748661489462099983e+00 -1.100723994191766941e+01
-9.385413041789089306e+00 2.625570690315973899e+00 -2.314310341389831382e+00
-5.323189578438756620e+00 1.517520651726677983e+01 -9.006220128625086474e+00
-2.035408446394812998e+00 1.126476243128944965e+01 7.848094207078284867e+00
9.801769386909804649e-03 1.745602065359240385e+01 1.413647017562281860e+01
2.233434383715615645e+00 1.364295649748963868e+01 7.216096687170288071e+00
1.637667501374429957e+00 7.625454818075190211e+00 -4.769810202607365213e+00
-7.109088793552356123e+00 8.475124166548171800e+00 -7.351993332875952802e+00
-1.593798368613764671e-01 1.252369693983338195e+01 -1.097990302514887162e+01
3.091648929473006291e+00 1.310909499132163525e+01 -1.084115945249746460e+01
6.262190073599463780e+00 1.115690447360018744e+01 -1.238265234792352704e-01
1.451919822049407838e+00 1.670803040299677633e+00 7.524567980779380605e+00
6.360937686702015093e+00 8.310076271925415980e+00 1.017192875992354972e+00
-3.811951098319829256e+00 1.236810462121743903e+01 -9.921669875486403001e+00
-3.892828049931243761e+00 4.741356104328835031e+00 7.375323964498996965e+00
-9.464665318620221868e+00 1.955356059400181579e+01 -1.484107021915930247e+00
1.260204824149848868e+01 1.314969158142406158e+01 1.309860229930618791e+00
5.208750708327615442e+00 1.720015386779870070e+01 -1.021582157539593716e+01
6.280612391484064361e+00 7.464502832861882098e+00 -1.603102435217830871e-02
1.912900728638774750e-01 1.968195330679132837e+01 -4.748797811906585231e+00
4.432500162536788579e+00 1.356308682731805604e+01 5.660782278547599411e+00
-8.362642532464088063e+00 3.908222225864255606e+00 3.423382211935078967e+00
-5.021204944970411255e+00 3.812831227787496946e+00 6.842347074122050898e+00
5.396800683882758243e+00 1.375949977575141681e+01 4.407744440219108384e+00
-1.570819245131025443e+00 1.304484592199553994e+01 7.895626082829095616e+00
7.941878979486456380e+00 1.178213290277062519e+01 -8.644219093630175266e+00
7.791641445904219587e+00 1.972916985673762724e+01 -8.758435970830243278e+00
9.612692940942469733e+00 1.545934629707407737e+01 -7.069313701840163056e+00
-2.399695661112953626e+00 1.075812195406057903e+01 -1.050017253814366924e+01
8.148035980317536175e-01 5.783785814548564552e+00 -1.103922113420793671e+01
1.109914535797584101e+01 8.806111231011733764e+00 -4.937432904657634403e+00
-9.259118900907949978e+00 1.981631856642652068e+01 -3.024139113502367415e+00
-7.656139700701417361e+00 1.730177837456172441e+01 -6.648291923742773335e+00
6.212458254130068802e+00 1.241504232692765264e+01 -3.710510008363412937e-01
-7.323306359104329033e+00 9.078438132824512508e+00 4.936358750116265348e+00
-7.696286438186052514e+00 4.429050447334360818e+00 -6.591252245332627879e+00
-6.593024772100383402e+00 9.070463978884957257e+00 5.695288117744310874e+00
6.360287930520994948e+00 1.611369061852042250e+01 8.927194889688571111e-01
5.558105980755884801e+00 1.500812342823697065e+01 4.125160140380970120e+00
-6.977851058681398655e+00 5.931728793275268252e+00 -7.503279752736387920e+00
6.087301281080847559e+00 7.042634929715864800e+00 1.224639123704984733e+01
-8.587140883415633752e+00 5.094948192343331073e+00 2.982848220133970774e+00
4.283882329449677506e+00 1.785616268782447946e+01 -1.054448930736721657e+01
6.309852801602554351e+00 1.691015584426392593e+01 1.855280035107461922e-01
-9.441811003942223834e+00 7.345598588405781726e+00 -1.815162400209122895e+00
5.435058662169340415e+00 1.928768823289424716e+01 -2.265372354077507921e+00
-5.532012539301637055e+00 1.236512268583527607e+01 -8.850209767104715297e+00
7.328636104504597348e+00 6.782225244373618622e+00 1.141668781673153887e+01
4.116641820189601120e+00 1.376515111329636021e+01 -3.719902925041374875e+00
1.156355324616611213e+01 2.030980170995220035e+01 -3.993812845978525594e+00
-8.585953119427536251e+00 1.692258499191190646e+00 2.985344957439127089e+00
6.323941971061779910e+00 4.827137144157691573e-01 1.675907857922100508e+00
1.256879265242545962e+01 2.752833491476256889e+00 3.092018481861711493e-02
-2.502515031078582197e+00 7.212485775794218235e+00 7.772535767349070923e+00
5.108294260657668673e+00 2.000272856842129698e+01 -1.025592091842971065e+01
5.200605525848542854e+00 1.221848637029467710e+01 4.714741455556649363e+00
9.636827835699345313e-01 1.215898889782179104e+01 -4.814442582970277051e+00
1.179141228492041016e+01 1.308115978049080308e-01 -3.438758098653639017e+00
-8.761421562950605590e+00 1.405597034320970451e+01 -4.633613877569744410e+00
-8.555241865423086622e+00 9.115106906031330780e+00 3.049228969381359011e+00
6.867078402984307495e+00 2.086494629514272958e+01 -9.382910023507438524e+00
-8.287786378452739910e+00 6.714260306218926999e+00 3.558042562034453571e+00
-6.387839619121619350e+00 1.207915127457521498e+00 -8.116634621247014181e+00
-7.381157254259560929e+00 3.503246952378860524e+00 -7.017969718484711628e+00
5.401087223293392192e+00 2.066801633460121579e+01 -1.013594167822492054e+01
9.841599365684032819e+00 1.659512188868028915e+01 8.952822472723033442e+00
-7.228638961366933735e+00 1.192432273752013927e+01 -7.208770729235470576e+00
6.201728440414393084e+00 1.612630112561352291e+01 -4.183833810204945491e-01
-8.688009426512669720e+00 1.900499826003899884e+01 -4.809417143112809434e+00
-8.939377790387000644e+00 9.708548490792994201e+00 2.133652132975575988e+00
1.205681435657111500e+01 1.419293380872603816e+00 4.691620505355579951e+00
2.935729883844234056e+00 6.390406530983855360e-01 -4.412057533104523088e+00
-7.896382539360229380e+00 1.107760532304774159e+01 4.186038568975384067e+00
2.337853853237920720e+00 1.852938405385916809e+01 -1.095916189979534572e+01
1.096204432670556628e+01 9.810745887804730003e+00 -5.181245071941530611e+00
9.465273092564403967e+00 8.728096664072367616e+00 9.412990391387481282e+00
4.236563134622633342e+00 4.184753173627353107e+00 -3.624571458133814428e+00
-9.098901443759922714e+00 2.007904995967213324e+01 1.643284704580297184e+00
-8.884047493203881984e+00 4.522986510808509664e+00 -4.316179957821770330e+00
-3.637976920769235845e-01 1.119290437577534014e+01 7.891667087792296975e+00
1.079673439614896502e+01 1.543669956395629228e+01 7.553806908492258998e+00
1.214417501952376810e+01 3.529744123379066068e-01 -2.371345998322550219e+00
1.255347884576956830e+01 3.232765836004881876e+00 2.147061490617553137e+00
3.093810829215084990e+00 1.975656821521939932e+01 -4.342000465917252860e+00
2.766367574396442652e+00 3.910190335571761544e+00 6.944134115120812467e+00
1.171394702657716458e+01 8.438443266987670555e+00 -3.636327262972442576e+00
5.891195944119452577e+00 1.048438283966579299e+01 -1.386208236395043869e+00
1.008769101956531777e+01 9.685168689260651220e+00 8.627581522122802937e+00
9.384398482614548787e-01 1.691699901647269400e+01 1.403909152413682904e+01
7.389019806482746588e+00 2.320483965866326326e+00 1.137106417229678890e+01
-8.805145883841804633e+00 1.373948047229999148e+01 -4.524122504856717519e+00
1.854219335537792501e+00 1.449081787907677388e+01 -4.735519320676845112e+00
5.077007414809346919e+00 2.015716008913583934e+01 4.891426747966121980e+00
5.864360640670319924e+00 1.635025169907126852e+01 -1.449571526324640924e+00
5.728035411083213901e+00 1.031533142978065420e+01 -9.990576608697523397e+00
5.425631233486567950e+00 9.987918265001114904e+00 -2.280255066454263790e+00
2.301312023495851289e+00 2.064981291871906777e+01 1.378087003765742580e+01
-6.593306418124075918e+00 1.881194829298002347e+01 5.695028841518167795e+00
4.272806947112993470e+00 6.071182560953847229e+00 5.820876925765458232e+00
6.185635897236503311e+00 5.094859506905344837e+00 2.480954873326668864e+00
6.063061548536952117e+00 6.358280283071159111e+00 -9.204223831382998267e-01
3.924702828084671413e+00 7.711469127696449988e+00 -3.861555426208763908e+00
6.306776182289735466e+00 7.670695232567773525e-01 1.819994192290175228e+00
5.581778726909930599e-01 2.072917595531097490e+01 1.408650810005504717e+01
8.798556529504947932e+00 7.839362688249964961e+00 1.013624721842050391e+01
6.227939460248431480e+00 8.020166297471977401e+00 2.289646626428959664e+00
8.266917193540010977e-01 1.269179842612816067e+01 1.405411977910312871e+01
-8.054512698436750995e+00 1.941807323007765262e+01 3.946109312336919750e+00
4.251353950216479660e+00 2.968506182835456197e+00 1.315465688070184491e+01
3.852807712222962699e+00 6.049148371815746827e+00 -3.911353080044438713e+00
-6.491563024558259620e+00 1.628222064351907417e+00 5.787214678741057661e+00
1.086194482553562546e+00 1.274402749672612423e+01 7.635810884137757881e+00
1.091304874891039134e+01 1.322485596370638561e+01 -5.265281466757868678e+00
1.221348888335154870e+00 9.813570869401594621e+00 -4.808442026716027939e+00
1.142647565182272729e+01 1.084596852299844816e+00 -4.294547352052784817e+00
-8.921124072721555720e+00 9.521074296844501461e+00 -4.213262799416398252e+00
9.001202887877486347e+00 1.013166447605751941e+01 9.927550584476135143e+00
5.760853865786726757e+00 8.170783563980920761e+00 -9.975304404743255304e+00
-5.665711442015838095e+00 7.455627433220135103e+00 -8.745944015194474730e+00
7.762620636037382837e-01 1.908524570138383680e+01 1.406060287020560473e+01
1.003180898770840557e+01 2.057727563603008747e+01 -6.561570942217902491e+00
-7.219252129189971612e+00 1.786533366221189212e+01 5.056224714116809515e+00
1.260097278709315916e+01 4.607556450259773229e+00 1.350562560000617918e+00
-3.000666584894239097e+00 1.591996038273165937e+01 7.660593472403529169e+00
1.186977862578617859e+01 7.629105998691417589e+00 5.261404495299380812e+00
-9.405703845863103041e+00 2.397805148682564891e+00 -2.159795441652079706e+00
-7.597499851206592325e+00 9.799169120148368606e+00 4.598042198425616789e+00
8.125445933368411033e+00 4.744794879099672791e+00 1.076933744779946700e+01
2.639288565493957517e+00 9.144654102856742739e+00 -1.091828510969714650e+01
2.657728845986655930e+00 2.051692193535740216e+01 -4.520488525714152495e+00
-8.031296119899899999e-01 1.839158106895929734e+01 -1.089240604743094565e+01
-6.147724041497458103e+00 8.886518326361803943e+00 6.078063458270228203e+00
1.858362245549121328e+00 1.230712693382769229e+00 -4.734767704935459953e+00
5.819317995738443550e+00 1.956233722530800634e+01 -1.551600399234071892e+00
-7.783221822407123902e+00 5.181434246687344647e+00 4.347944184806002532e+00
-8.200825767366573871e+00 5.767799261668043798e+00 3.707964763483260207e+00
6.106765863570446484e+00 2.048126131244801584e+01 2.782202336907404483e+00
4.798942747248556628e+00 6.786288985173125177e+00 1.291897330759145923e+01
1.078222902865254262e+01 1.791481356204582909e+01 -5.482352042050279373e+00
-8.051344709751919737e+00 2.331838349905601682e+00 3.951085483330090575e+00
-8.197672444841151318e+00 7.267935010263219198e+00 -5.797033744317722892e+00
7.378541943269168790e+00 2.072921370139185537e+00 -9.053470444800977290e+00
4.713053488258543311e+00 4.785386295744668672e+00 -3.185805159170495671e+00
1.988585711492717678e+00 2.098117335359034996e+01 -4.709298345790664087e+00
-3.458297885954452866e+00 1.392472782172272794e+01 7.528269661018637038e+00
1.153653187876121855e+01 8.729825056604237687e+00 -4.054836944959250289e+00
-7.265339426517056776e-01 8.717882962857511631e-01 7.912262118833597313e+00
6.312692937111993530e+00 1.179995795092749544e+00 1.773337336336864078e+00
-6.726885558888478833e+00 1.669403335776589614e+01 5.569416433240967024e+00
-8.620339701940668675e+00 1.489280569956455835e+01 2.912251348723748023e+00
-8.444471789878557288e+00 3.583172801694297860e+00 3.269628945921510876e+00
7.466049296437299310e-01 1.904279564136628267e+01 7.721579675710725787e+00
-8.529747224489840463e+00 3.314012992612227926e+00 3.101306691311588981e+00
-5.454749525593817872e+00 9.376221866876242927e+00 -8.908885171221486488e+00
1.021288530699131725e+00 1.676681229988625788e+00 7.653484110642288840e+00
-9.412316658025567051e+00 2.918309056797315781e-01 -2.104755385478926488e+00
1.325212632595177853e+00 7.029998155375665192e-01 7.565382549814453128e+00
8.046789456204473723e+00 1.990441994641857093e+01 1.083783722474424316e+01
-1.568577157139049882e+00 1.774999909826342481e-01 7.895789276333256446e+00
9.422433775930773692e+00 1.606796469721821197e+01 9.462798248545121638e+00
-8.363709586212054958e+00 4.754138497749474723e+00 3.421422688441223769e+00
6.351411412200517859e+00 1.561158357729604695e+01 1.337944929610501266e+00
-6.811664236124468808e+00 1.108730559420316064e+00 -7.686569192865050582e+00
4.196229279160148096e+00 5.596605667909422266e+00 -3.657247602734139846e+00
-7.040713506540305922e+00 6.625361471915559797e+00 -7.431563296663500573e+00
6.342579580685202778e+00 1.153131768993739215e+01 5.051775859791405310e-01
6.129302301586160517e+00 9.594487188296570324e+00 2.701798054094592949e+00
-5.576375780188808307e+00 2.049888269065565183e+01 -8.816001265418373478e+00
-5.843574284419630338e+00 1.299395515651356803e+01 6.311008673658105472e+00
-8.018346627898170098e+00 1.162495869613507260e+01 4.002490343850669596e+00
-7.936239112133208984e+00 2.081576963005928249e+01 -6.231612185343852417e+00
-6.509415600536576640e+00 2.095921320348840311e+01 5.771250937578330742e+00
5.999113984698749569e+00 5.526691331024527365e+00 -1.107921452196430234e+00
8.533820320948066751e+00 5.603409446583420106e+00 1.039573962423191311e+01
1.146396485981932045e+01 1.103643917364665938e+00 6.270676900291102918e+00
-9.286923528860921095e+00 1.449064856619329156e+01 -2.891331102297165945e+00
5.761973355549906195e+00 1.646076609037588412e+01 3.715211078702779890e+00
-8.361703975722775795e+00 1.907692965520811512e+01 3.425104807878632140e+00
5.867045795236952577e-01 1.995737858101542628e+01 -4.798321950315680873e+00
5.870242027917885075e+00 7.565025273399303529e+00 3.464531976240015965e+00
1.260521916575971701e+01 9.729957634069453576e+00 8.629125800396755253e-01
-7.490929333918635358e+00 9.773461494545919948e+00 4.733627524876355075e+00
5.764628680905227398e+00 1.482797321388367173e+00 1.243142634772429567e+01
-1.111559882745309702e+00 1.270679975177794674e+01 -1.083649593383110421e+01
1.028007516071132876e+01 2.449987458292596010e+00 8.358002951724921914e+00
3.035670240857809343e+00 6.310744068068307122e+00 -4.368494964957727156e+00
5.009979255134601850e+00 1.027424952030596472e+01 -2.853233893022709911e+00
1.200887308974115797e+01 1.077583133778722413e+01 -2.820610757196652330e+00
4.703164040694377768e+00 9.479420443139892072e+00 -3.196010516025462156e+00
1.207684806512116538e+01 1.127213161813893727e+01 -2.602646669040530547e+00
1.062239747945086066e+01 2.654773555518601391e+00 7.839775884416325447e+00
-3.734254493895286409e+00 1.567295868552968763e+01 -9.959829876750355027e+00
6.289022935566638495e+00 2.098125923064313270e+01 1.946356356966322698e+00
5.572217479397636453e+00 9.831044688341465942e+00 4.098882847791669448e+00
2.700659399101434044e+00 6.969433532349205151e+00 -4.504939884579953535e+00
5.834121379212332315e+00 5.490693872450746582e+00 -1.518634881353809751e+00
3.665672212995536583e+00 8.817120757048867219e+00 6.347925234960333007e+00
1.256559824528050662e+01 1.901521535498827120e+01 -9.658636816130041977e-03
3.735336426939200205e+00 2.562858102173763974e+00 -3.989098677108751989e+00
5.028569192920816278e+00 4.058893159783599991e+00 -2.830565132341368972e+00
9.265762115282395683e+00 1.710481207871366394e+01 -7.449733245558975980e+00
4.891179425357968569e+00 7.154200074724677449e+00 5.136948563034127169e+00
2.240091770017452522e+00 1.528409737019602588e+01 -4.649875764449233451e+00
-3.495052121469784723e+00 1.366170377204895914e+01 7.516380852545724522e+00
5.535354288040227999e+00 1.064045009921023954e+01 1.255593836188795542e+01
2.711320988680968824e+00 1.524019262770761962e+01 6.974769546432028733e+00
-8.693782151944432712e+00 1.211087998598448046e+01 -4.795931905225438996e+00
6.251162493635129991e+00 8.544059651222500662e+00 -1.834154268380188135e-01
-9.257737325264857375e+00 1.081145258504337825e+01 1.025928554721341035e+00
-7.484595849578257187e-01 1.329965468771884751e+01 7.912969257276937896e+00
1.202964183182900726e+01 1.520953298172762835e+01 4.780231014203417672e+00
5.583904076001367400e+00 1.783512856066829855e+01 4.076910919633641051e+00
2.683072805363886815e+00 2.068024600906008104e+01 6.990254103165603361e+00
-5.296889879559523173e+00 1.144759704314914472e+00 -9.025297312246920001e+00
1.891794295742273091e+00 1.473865430596547021e+01 7.363364299619604481e+00
8.070615064006497752e-01 5.025206050200005770e+00 7.707511875220662390e+00
4.750213481340291644e+00 1.421801244183106228e+01 1.294109521632166704e+01
-9.428441195051950885e+00 1.984514162864485343e+01 -3.515674828128740464e-02
1.523424585183331903e+00 1.755427548402548155e+01 1.394539196574306139e+01
1.597273776719876137e+00 2.071047665192761045e+01 -4.775126685329571075e+00
-2.743540186966263172e-02 1.573319555501885247e+01 7.857425375351954955e+00
3.578728090635941772e+00 5.058230918311904745e+00 -4.086072051052291876e+00
-9.409661490291284736e+00 1.697481035567688323e+01 -2.127179018090403773e+00
3.598172808069632911e+00 1.410113502921506701e+01 1.340015946817625903e+01
1.143241511709017644e+01 5.367180996915863922e+00 6.340004564550380195e+00
1.213044415390543307e+01 1.021513514260582944e+01 -2.419913170847260542e+00
5.693138641949778034e+00 5.349740046415859318e+00 3.861517314178948723e+00
-9.421703528246952786e+00 1.315833477503441262e+00 2.855868101448824636e-02
-3.878883747814314997e+00 1.260067489240792860e+01 7.380658983235504955e+00
4.912975862164116414e+00 1.170046164919629916e+01 5.109285508191875103e+00
8.683707157980411040e+00 5.410859074678640468e+00 -8.020082242737206712e+00
1.045611343059210085e+01 1.868029872723432305e+01 8.098139709220808058e+00
-7.501086483399583393e+00 1.002973522595433842e+01 4.720938068406114851e+00
-5.829938136315388597e+00 3.096763173390259194e+00 6.320955695606180313e+00
-9.204248724869547260e+00 5.800590016663375259e+00 1.254376071569531126e+00
-9.265998373290353030e+00 6.851221041102856901e+00 9.881408904202030330e-01
-6.903178696107222123e+00 1.036370987639186403e+01 -7.586742481741124422e+00
-5.996850704839213009e+00 6.524622095433670887e-01 6.196313557370980440e+00
2.543813504456376440e-01 1.423997096255505213e+01 -4.758997043604333399e+00
1.975849514561234033e+00 1.219769409287485784e+00 7.328980764662074598e+00
2.984878177761151274e+00 1.951952326083036482e+01 -4.390944647204325868e+00
-9.403266907453259549e+00 5.258635952615717812e+00 1.851580163203888629e-01
1.021258466278672472e+01 1.396824890300739597e+01 -6.323757978054967310e+00
1.191900581393335656e+01 5.458037189912111842e+00 5.119802450022034712e+00
-7.236638426551791348e+00 1.944627886492776625e+01 5.036499444226413047e+00
6.555288636806360092e-01 2.071342151146054356e+00 -4.803496852775615444e+00
5.665847151819079386e+00 7.685339903852217436e-02 -1.001917186449335340e+01
5.200315997947524416e+00 8.956874725274660776e+00 4.715169261282516011e+00
5.549286345183880087e+00 9.028147926140384527e+00 1.254853314692929800e+01
1.247995341308731199e+01 1.417125346734545666e+01 2.777957411931031295e+00
2.666243456835802217e+00 6.649333877680926319e-01 6.999403714292631307e+00
1.091949557361928314e+01 1.285443164082081502e+01 7.342069563783327091e+00
5.673641731830531221e+00 1.966453233350706853e+01 3.901379263444274770e+00
4.725366517022250079e+00 1.198920591365587640e+01 -3.173026147787299855e+00
5.762898906792552012e+00 3.901472964407812327e+00 3.713180619633619894e+00
-9.204923240542500551e+00 3.867868384015276106e-01 -3.259998029645441164e+00
2.435272735263079191e+00 8.594442468018494097e+00 -4.594275108723314460e+00
-7.184072993777727234e+00 1.318066897010142036e+01 -7.262787456017327337e+00
-7.739413009918657771e+00 1.613610857389104680e+01 -6.529030291001999053e+00
5.666518723350324471e+00 1.886145268976920253e+00 1.248540071266769225e+01
-7.895330455711211393e+00 1.523818589848262484e+01 4.187579749929871475e+00
3.248254355399982529e+00 1.430782971637929890e+01 -1.080999457574987410e+01
-2.830371838493795256e+00 5.440444610879831444e+00 7.702562551880871133e+00
-9.144080849208858552e+00 7.275545763018714140e+00 -3.497359730897410479e+00
3.299010830196649646e+00 1.647889145548927203e+01 -4.241508563384794428e+00
-1.623392591957041109e+00 1.636587855801505142e+01 -1.072313580764332031e+01
2.430405990212895162e+00 3.915047644886750611e+00 -4.595764148009608974e+00
6.196909394184690001e+00 3.898826145780875940e-01 2.432530836820581577e+00
6.137158618915171893e+00 1.795920526120368876e+01 -6.730480255762025799e-01
-8.712751123191043945e+00 3.807735747052917397e+00 2.706875277447286177e+00
3.581772811999682116e+00 1.465539340929650791e+01 1.340584385387253796e+01
3.994180539438600075e+00 1.528323427839510451e+01 6.077553135630037850e+00
-7.558902324351873148e+00 2.018268418103165374e+01 -6.783070499155217092e+00
-8.538703623652407870e+00 9.068129484769249515e+00 3.083107863187340314e+00
-7.273587789109096313e+00 2.936737455158362486e+00 -7.153511937055611725e+00
-3.045904894155671006e+00 1.852735276686654231e+01 -1.026473527185001622e+01
5.907120596117930944e+00 1.552810954404048971e+01 -1.347616474323463098e+00
1.133381928327972155e+01 1.574718645567404485e+00 -4.486357888841094876e+00
-8.379046529335209215e+00 1.796289618544156497e+01 -5.462799196631906717e+00
8.451739086581927296e+00 1.433361088229064784e+01 -8.226638786819396643e+00
3.344929822922374729e+00 1.023540564500729388e+00 -4.217488552372893551e+00
2.467479485088278857e+00 1.605632042951461003e+01 7.103287041594084528e+00
-7.376679213785441114e+00 6.710632946464078152e+00 4.873138884003818561e+00
4.888352261603755800e+00 9.121394712906118585e+00 5.140515853286264480e+00
3.797093173927109433e+00 1.911502878600686373e+01 6.243630341904482073e+00
1.219507692086364692e+01 1.643015832785750518e+01 4.199964274206836379e+00
7.718313503509657281e+00 1.929416308531353152e+01 -8.812808833577909340e+00
4.350187423727183145e+00 1.899442607520784421e+01 5.744567733890494132e+00
-2.133445820812803095e+00 1.417910554212262753e+01 7.834559872474281761e+00
8.227581730129881477e-01 1.883007982055437068e+00 -1.103934888542517889e+01
4.653018101151965347e+00 1.422701150947035664e+01 -3.246972413401217228e+00
9.419282271536502549e+00 1.172745672154642449e+01 -7.285471167170221918e+00
-6.160746848305028500e+00 1.417210800324015452e+01 6.067598862100525459e+00
1.225678883659508855e+01 1.274303492806295246e+01 3.952484318136673114e+00
5.020837314001934004e+00 1.739189906479565551e+01 4.968033960984954867e+00
4.860957163163058148e+00 7.689694114123207136e+00 -3.026751085634868499e+00
-4.725831826057150131e+00 1.416348877877735113e+01 -9.410146431107534681e+00
4.805849774459026946e+00 5.327157018353113394e+00 1.291581914966441680e+01
5.965536474063054762e+00 8.628914160563336821e+00 3.217248778157856925e+00
2.361517031798314292e+00 1.484056995909020316e+01 7.155604198667337990e+00
-3.596474827884226233e+00 2.000140748239872579e+01 -1.002557866535724429e+01
4.597330423662525090e-01 4.004776061017780719e+00 -1.102766047902096780e+01
1.177841370267814014e+01 1.651006642976390326e+00 -3.472624430693104891e+00
6.320529315577728902e+00 1.891405277301536358e+01 1.706868455237249504e+00
-8.410111660254292687e+00 1.314715636637468243e+01 3.335066982807472602e+00
8.619778323989384816e+00 1.682299219389357958e+01 1.031305107432855017e+01
8.497001289739626984e+00 1.526916485744157193e+01 -8.187191160681305035e+00
1.256365027087958630e+01 1.770322326001237556e+01 2.029619775715351349e+00
5.802752881506986427e+00 1.622489096534860664e+01 3.624015428527506355e+00
-5.862464065302398275e+00 1.889441449673386586e+01 -8.585945321138085617e+00
-9.474975880223176716e+00 1.645812595402933809e+01 -7.849924015913488651e-01
7.102968808468855144e+00 4.148080959214616392e+00 -9.235675917998435125e+00
6.271330381181098979e+00 1.246665056048751552e+01 2.057390917894386551e+00
-9.452772356786603325e+00 2.683988980147065551e+00 -1.676758715661395449e+00
1.259834483824407769e+01 5.872876607389986070e+00 1.434373021204192078e+00
1.089448924368545057e+01 1.842300039159361802e+01 -5.296713066012950222e+00
-8.628581681537827563e+00 4.388252493403745902e+00 2.894476429499752701e+00
3.123155154538750367e+00 1.380476423299831978e+01 -4.328301664473996446e+00
3.823234189225869439e+00 1.339666482767245803e+01 1.331980795859716160e+01
6.472685792577941299e+00 3.964117538323417289e+00 -9.612032985960889064e+00
-7.683017510741104061e+00 1.669265278112821216e+00 4.485163893805225399e+00
4.161992539844162620e-01 3.468187884166489265e+00 7.789490503302235247e+00
7.599308099344982637e+00 2.079204827046071102e+01 -8.899182595152437258e+00
9.178865609668532599e+00 1.203214467482587580e+01 -7.539999300766518253e+00
-9.435581336222339743e+00 3.776271582645335911e+00 -1.884254840407622256e+00
3.078235554962903020e+00 1.286664859477980194e+01 6.758615218385903844e+00
6.709625167715352667e+00 1.253764672984850925e+01 -9.476883168037652183e+00
4.575756415324561566e+00 1.679062519777250628e+01 -3.323004813134658786e+00
3.245058031949180771e-02 8.881565815232768557e+00 7.849780635904848758e+00
7.824394465933136367e+00 1.721491320593112828e+00 1.102584416350341279e+01
3.103124573039156564e-01 7.677537746613189995e+00 7.808096294276611893e+00
5.473407109988464470e+00 2.442210183562000925e+00 -2.203781550623820529e+00
-4.041956273302506730e+00 9.033235500995479228e+00 7.316453255137430389e+00
6.157261672211286729e+00 2.806780493987753866e-01 -5.985246027100172839e-01
1.199791572959874930e+00 1.727042975991985685e+01 7.603395705515329617e+00
-8.969990873393797415e+00 3.184595391055032199e+00 2.046451561904384597e+00
9.585107383899794664e-01 4.741239595246169891e+00 -1.104064451456454066e+01
4.315618676719576996e+00 2.877269941029035882e-01 5.778944943497505982e+00
-6.970587790451496346e+00 4.287191520361184338e-01 -7.511479390031324144e+00
6.333353197328480455e+00 1.532224251432909767e+01 3.969615939527708082e-01
3.833662489809347207e+00 1.710366705958475109e+01 -1.067277809252710519e+01
-6.970298760481223432e+00 1.634010848878147826e+01 5.326176141936256769e+00
8.669876929430389012e+00 1.371211767436494711e+01 1.026417239806910153e+01
-1.687583384201784442e+00 1.616603896196478374e+01 7.886250374747182157e+00
-3.489574033300152589e+00 1.971814970189662830e+01 -1.007492864615624484e+01
1.738104057270135894e-01 1.978408296725540083e+01 7.829857948189609118e+00
-7.879875756237156637e+00 1.383654293420046244e+01 4.210139341326999407e+00
1.067848403924085865e+01 4.754477925626916957e+00 -5.647471649265103366e+00
7.854007534980716798e+00 1.633189273843069955e+01 -8.711486857916820981e+00
1.096103206865919510e+01 1.626667439471126997e+01 -5.182997116674901150e+00
8.931751808235894430e+00 4.814485976952415314e+00 1.000010184895659471e+01
8.743409571438773398e+00 1.259328091671983785e+01 -7.965112097126656465e+00
9.145970281129168766e-01 8.500582719611193827e-02 7.681211618140950215e+00
1.209936342489082683e+01 1.118351303745492054e+01 4.548067457759491283e+00
-9.161339861822570541e+00 1.503792603103674708e+01 1.421025214199530096e+00
-3.155864058426406604e+00 4.299985071187055752e+00 7.618940646678586504e+00
1.382469624077454773e-01 1.247397032156892926e+01 -4.739533780039923094e+00
-7.379989332496980303e+00 8.081927908532355431e+00 4.869178027232573314e+00
-3.445788958313380945e+00 1.870821881107631057e+01 7.532272472958019272e+00
8.267235998351576853e+00 1.098498246972345527e+01 1.064310415904710894e+01
-6.928897423558876945e+00 7.724306779250669663e+00 -7.558203867604586179e+00
3.673124425231922618e+00 1.387054198374237579e+01 -4.028513384255514751e+00
9.212011331978317230e+00 1.336480132996888770e+01 9.700450731579902452e+00
-1.578109768349117870e+00 1.621102503386590499e+01 -1.073421911046995270e+01
5.841345185761059433e+00 1.225934120804737937e+01 -9.937312003895897305e+00
1.255437488918841396e-02 3.501653010939043131e-01 -4.715034886405899961e+00
-8.369144412772811847e+00 1.168996570678029201e+01 -5.481857214128435629e+00
1.253449848912783793e+01 1.713340706166214744e+01 -3.413398091718471972e-01
3.803566086492898624e+00 1.274011163708403238e+01 -3.944480213470547003e+00
-9.414741432104952068e+00 1.876536709592869911e+01 9.040744239604858734e-02
-5.018916673368299719e+00 1.235787442581314011e+01 -9.219469829987669840e+00
1.020104659917471501e+01 9.129104378598224656e+00 -6.339310109183191599e+00
-8.619186180468782155e+00 6.179720384367632491e+00 -4.966103733033992995e+00
-1.409680720209129046e+00 8.333704156814013331e+00 7.905740741525964843e+00
2.813398752599725938e+00 5.738684057013321294e-02 -4.462045043533292343e+00
-6.572963047558133098e+00 1.157419262277157124e+01 5.713697409083380307e+00
1.171473069624195951e+01 1.634892190324670125e+01 -3.634378007571565927e+00
2.041950301842921700e+00 8.132437128662942882e+00 -4.697823493994235378e+00
-7.290801074884661226e+00 1.135579429951209285e+01 4.974276001933825242e+00
1.243961191059261218e+01 1.594182866350145567e+01 3.042285685711768828e+00
8.297069550661156256e+00 6.700795282412569165e+00 -8.358419308588429075e+00
-4.621460994490012020e+00 6.782201826039311321e+00 7.054990842116782623e+00
4.148076896584055540e+00 8.244154816898976890e+00 -3.695440198470878901e+00
-5.780948305665465359e-01 1.302311013019142649e+01 7.905866363889643367e+00
1.094733886756901864e+00 2.654054864930266433e-01 -4.813104768226132535e+00
6.185511425987701983e+00 5.119304844508537400e+00 -4.868405651315056981e-01
-5.893173551872350480e+00 1.791271403666643636e+01 6.274477932971660010e+00
5.957135421763662286e+00 4.453041857744072018e+00 -1.221116507155532549e+00
8.587411658020538852e+00 7.216603947519308448e+00 -8.107164232469942888e+00
1.667134928838627461e+00 1.846731763429720630e+01 1.391846826238717405e+01
6.310639746600362976e+00 1.424392085049829859e+01 -9.700258585126128708e+00
1.580931483171615082e-01 1.155363720592117893e+01 7.832203966725575839e+00
5.211119190111754840e+00 2.439101707348593884e+00 4.699159901570067355e+00
1.781197734664874188e+00 1.441183000518081236e+01 -1.101280999196204036e+01
4.424839442466327100e+00 1.737758738675699632e+01 -1.050014769760510802e+01
7.524122813538108190e+00 1.563915450482456571e+01 1.126704002570009067e+01
6.024613339857977756e+00 6.403612488239746270e+00 3.047376135643576234e+00
5.623371771188817370e+00 4.409951915938891132e-01 4.001244066411494771e+00
-4.177167051984114643e+00 7.024918121252315295e+00 7.260167024608107589e+00
1.254432643909235523e+01 2.016777219500556129e+01 -2.462454595319959749e-01
-9.471713541797464941e+00 4.061130577167704203e+00 -1.319943996301427891e+00
-1.535160354223050083e+00 3.862794370371969599e+00 7.898146419214262970e+00
-5.348073051062693928e-01 9.190783504522855196e+00 -1.093362729007677636e+01
6.354456623969633178e+00 8.294452109171738030e+00 6.998725778360479488e-01
5.281831300574801186e-02 6.305068851955158982e-01 -1.100024900247639970e+01
1.153438047421414048e+01 4.235758048985888813e+00 -4.059657089445594558e+00
-7.644469702770876118e+00 4.409271823755424258e+00 -6.664716477228737723e+00
5.851352465814825266e+00 1.980705310437442801e+00 1.238283860877665710e+01
6.172432149218794351e+00 7.485092220320596290e+00 -5.396507960851635310e-01
6.287171444870530479e+00 3.888929707675711889e+00 2.538383727298335057e-02
-9.123315032378689793e+00 1.293713815467945505e+00 -3.573114863647927741e+00
2.210219123691092857e+00 1.229352041584440514e+01 -4.657647609439226954e+00
5.572742459771529155e-01 5.832005020949436513e+00 -1.103197959481220458e+01
-5.976648064872167598e-01 6.568322532428254590e+00 7.906870222481751753e+00
6.307500074635803422e+00 2.289513554102937665e+00 1.814428265727201062e+00
5.716509609201261277e+00 3.641024047187382706e+00 -1.767048545392510439e+00
6.307470317059699738e+00 6.617587094352767707e+00 1.671898948799530049e-01
1.711301185020261739e+00 1.873945100056766222e+01 -4.759247347776263126e+00
1.142029957682027197e+00 7.615952631186650557e+00 -4.811749989757383439e+00
-9.454257951476769506e+00 1.418756944890733607e+01 -3.349193254245936280e-01
1.148854431441760404e+01 1.089134786140513711e+01 -4.161045771153660588e+00
-8.508365186064898111e+00 7.360248117782099975e+00 -5.204108890343185578e+00
1.028566390051980584e+01 8.623904719961300813e+00 8.349954175321130379e+00
1.839258090428126602e+00 8.427883934273685540e+00 -4.738203613650273205e+00
-5.536420013169484733e+00 3.404237201229975973e-02 6.525345344823755056e+00
-8.312614335991213466e+00 1.318840528177797466e+01 3.513979308392432888e+00
-3.550255016349144199e+00 1.297273522637143550e+01 -1.004709235924510580e+01
-1.124614186767863400e+00 1.884115876075551554e+01 -1.083392607300525334e+01
5.490091472454710519e+00 1.341002056057720893e+01 -1.009757714201784040e+01
4.598810264206615983e+00 1.678541538278072665e+01 5.482676265665665127e+00
3.288408917940172316e+00 1.836400936370900183e+01 -4.246973284674792737e+00
-9.439092380958635786e+00 1.685050677169376243e+01 -1.457472070187354474e-01
5.344383054709745728e+00 3.001736501301216720e+00 1.265538615033491965e+01
-1.474304599344003375e+00 4.148104399190025937e+00 -1.075884709294925834e+01
-6.923082747097825340e+00 1.986155348090557382e+01 -7.564675001392234144e+00
2.529001667208925053e+00 2.057333906892683828e+01 -1.093421056345176723e+01
-9.225415310410262748e+00 1.861688805005986325e+01 1.167059234575447801e+00
1.121059849060162428e+01 8.278661211855565583e+00 -4.728950816266792145e+00
7.392768633878974427e+00 1.455099712647470689e+01 -9.043755273325427169e+00
5.540162842730211423e+00 1.589428819335975973e+01 -2.092293187959578749e+00
4.861785457867445537e+00 1.859462457377944844e+01 5.173807633557638397e+00
-2.553869556191287860e+00 2.025570618533494738e+01 7.762507189735267765e+00
1.231520076176724565e+01 2.063389434713545967e+01 3.696346551593895580e+00
9.545410776524105856e-01 1.924120920872665863e+01 -4.814403138078478861e+00
1.258770053517753773e+01 2.064935538374134083e+01 3.196399464733641338e-01
9.996070217750311571e+00 1.307830635414619280e+01 -6.607157792538571606e+00
6.183529042474694037e+00 1.811380266788016158e+01 -4.949756982831395313e-01
1.790545971330662622e-01 4.304891670063347497e+00 -1.101037937238215925e+01
7.482530194049898942e-01 1.119944980388483735e+01 1.406412351991602172e+01
5.673614241829370464e+00 2.213819202030738786e+00 3.901435006284069029e+00
1.222695147163265439e+01 4.472210628207624161e+00 4.074754613356756039e+00
1.045903017286960690e+01 4.411321675771027628e+00 -5.978392264298010517e+00
-4.682643951818762140e+00 1.086973785276152427e+01 7.024219670831057805e+00
1.104701047657640878e+00 1.070376034790789177e+01 -4.812857670955478895e+00
1.070630249208199913e+01 1.691998364152934542e+01 -5.603774813266296562e+00
-4.459266562271319678e+00 7.435837097730101597e+00 7.133568100832560432e+00
9.348317351538838693e+00 1.541886973994027343e+01 -7.362178132793473218e+00
-1.950429717343844738e+00 7.234295738546572707e+00 -1.063688235936974635e+01
-4.839973087314206168e+00 1.147955964019708830e+01 -9.337540371998752420e+00
4.612095987359783322e+00 3.480313535326851948e+00 -3.287611018783645811e+00
8.741455362087359404e+00 7.533157695057687953e+00 -7.966923470507897953e+00
-1.724007259069508580e+00 7.577602111910965554e+00 -1.069776578439835291e+01
2.512315210939834120e+00 1.008119502874744811e+01 -4.569994337663549899e+00
-8.865154872378480988e+00 1.726254815380624308e+01 2.334247107656463260e+00
-5.246008618854323124e+00 1.710903469963656676e+01 -9.061852010800969026e+00
-1.029451207311934846e+00 2.025566820185413874e+01 7.916639942673561414e+00
1.164265037641983369e+01 1.586039200186612597e+01 5.855934870902027356e+00
7.337700162184146890e+00 1.701760731629242684e+00 -9.081189608063462870e+00
8.524190657685762673e+00 1.601919885727228632e+01 1.040491180774145086e+01
2.723186044813643569e+00 4.690831079077454113e+00 -4.496608845085659389e+00
-4.968159623347039755e+00 5.162665199455035214e+00 6.872170716508910537e+00
4.811124468123165521e+00 9.527966617912190017e+00 -3.081724742672572681e+00
1.237224516928901119e+00 1.978322424519757305e+01 7.592296425160078854e+00
6.215096975601131390e+00 5.716366777379190189e+00 1.216982941386766726e+01
-8.906429638229695911e+00 3.190586052573274323e+00 2.224486683806370824e+00
-9.426870545702010773e+00 2.041374875268947875e+01 -1.992506073844241277e-02
1.474143541110243705e+00 1.500091657170649029e+01 -4.789249263836276249e+00
-9.135646817640001860e-01 3.729400531615363334e+00 -1.087344273102984005e+01
-9.195004854272927020e+00 1.693903973314669997e+01 1.291387440855248370e+00
5.980147617836341745e+00 7.611789423865352511e+00 -1.159929376768602305e+00
1.259524902632078280e+01 1.879003693847785783e+01 4.783091098466291102e-01
1.044220170327769104e+01 1.881077801450487286e+01 -6.002815501727948089e+00
3.241137304357129878e+00 1.200438425347299543e+01 -1.081146112255335368e+01
6.181518150776919462e+00 1.186388155822424828e+01 -5.031788653581613646e-01
-8.138257497563920140e+00 1.055569199857489515e+01 3.811855353182880268e+00
2.491508222362214475e+00 1.407827864045081334e+01 7.091131204558031698e+00
1.180871956050515337e+01 1.592653206337368843e+01 5.430092646652332711e+00
-3.620089238333984660e+00 2.066406277567470440e+01 7.474500729364629947e+00
-2.749615449283689728e+00 1.467896282996677293e+01 7.721113126713290420e+00
6.356728087032703201e+00 1.565670505535805557e+00 1.221626987533736441e+00
5.756777427703365646e+00 1.183931215031235418e+01 -9.977208245885567095e+00
3.110102293458832268e+00 1.821823619661744331e+00 -4.334422356620827976e+00
5.511073798356235898e+00 6.797508308207272698e+00 -2.141568977665349927e+00
1.302361019416720112e+00 1.366925063704313459e+01 7.572484161622830889e+00
1.312945813966720776e-01 6.407644200668713097e+00 1.412726341314244394e+01
1.121776636410393913e+01 2.003319198406158463e+01 6.785558375492126260e+00
1.517044740074981579e+00 6.014071020743461560e+00 7.502631932080078059e+00
5.790332157893983478e+00 1.184502330739378628e+01 3.652176411984510374e+00
1.229984302733106283e+01 1.267402877628068758e+01 3.766085397598736062e+00
-9.299918937578688372e+00 1.939174058031619197e+01 8.242761204896205118e-01
1.128461306665955988e+01 3.432410844197050448e+00 6.651361661454707530e+00
9.665833199447705582e+00 5.934288670067855875e+00 9.172984294651568504e+00
1.071928937381592384e+01 1.309086689723828911e+01 7.682869061999470617e+00
2.411952637571241453e+00 8.966283229303725122e+00 -1.094988757707768556e+01
8.182713136690743738e+00 1.244219766244562742e+01 1.071878485386525348e+01
6.130093302526201882e+00 7.047090171521682933e+00 -9.794651160136528034e+00
2.690167187700807538e+00 6.673846470921838581e+00 -1.091055969055790342e+01
-6.564636133020273157e+00 4.006408792210706338e+00 -7.943362353439092693e+00
-9.133067822465102736e+00 4.137950203733876897e+00 1.524325841096641820e+00
9.610875952880435946e+00 7.206674210103701128e+00 -7.071394463130514119e+00
1.254265005425198432e+01 6.308284812204852265e+00 -2.629814018441563039e-01
6.246359728198370931e+00 1.766665383197773664e+01 2.196627077476492662e+00
1.219422386768022726e+01 1.334567042000437809e+01 -2.187477305570513675e+00
5.984106098514702765e+00 1.000777394005238286e+01 3.165414596263197211e+00
1.329066826430508608e-01 6.162905190424254442e+00 -1.100684622232671650e+01
7.163271031011269052e+00 1.788030615885210040e+01 1.153895226621446035e+01
9.137733229551245895e-01 9.140766783789816330e+00 -1.104040209574671039e+01
-8.994017659997314951e+00 1.947251959462776938e+01 -3.999546283136238944e+00
-8.294059456221557269e+00 1.054109238555723493e+01 -5.623205490791860051e+00
-9.314228350207057971e+00 1.199729363489452894e+01 7.502891013389922925e-01
3.827168764918517763e+00 1.858021195782098545e+01 -3.928699647541477713e+00
5.987194600753051432e+00 1.708829156179753284e+01 -1.140778674515599223e+00
1.100640327654753037e+01 1.281731658049452172e+01 -5.103793662608711479e+00
-9.464227609162959354e+00 1.942216399226411383e+01 -4.974713878324641958e-01
-6.080561444735011811e+00 1.854746607133685643e+01 6.131376291854189198e+00
6.031205937446582510e+00 1.708659819469381347e+01 1.227940223532513819e+01
6.331337957428878838e+00 5.952503939064712313e+00 1.603468335571481607e+00
3.611462721724023606e+00 1.631443599135571176e+01 -4.066414070900469468e+00
5.889894410583584872e+00 1.385155563540667600e+01 3.415840141522370477e+00
5.773390840017870174e-01 1.405811311768778893e+01 7.758250384469739913e+00
1.227428338130429530e+01 9.643050091823770487e+00 -1.866817486145372573e+00
-3.554901467361728518e+00 3.348308255955986024e+00 7.496612497636668593e+00
5.699106703900012505e+00 1.171179741122027451e+01 -1.801422675237547955e+00
1.260569624091582952e+01 6.032199332751195797e+00 1.073876995530123057e+00
5.645525098947508980e+00 6.920673718269050312e+00 1.249681466735664159e+01
1.248656101885509884e+01 6.615772495005481701e+00 -7.306691046869052686e-01
9.636421486600531550e-01 1.190898567496431504e+01 7.668668881903440315e+00
5.385906098177815515e+00 7.242152947223979176e+00 4.425761800004065272e+00
4.361992446418596181e+00 6.061988099633683014e+00 -3.518810207652828481e+00
1.242923899518844877e+01 3.517716940968368178e+00 -1.101666145748481318e+00
3.159063377642656878e-01 3.379016548336207126e+00 -1.101970666147967570e+01
-3.363538342876009946e+00 1.591458417914873635e+01 7.558045729475330710e+00
-4.242619539213860591e+00 9.034409284688344144e+00 -9.695461277286872459e+00
1.257588958851683536e+01 1.575377194401072956e+01 1.867468556553244730e+00
6.352790081428936197e+00 6.410485064528262278e+00 1.311816793928909153e+00
4.864094052984143879e+00 1.094032439815266322e+01 -1.034884437180837402e+01
-8.510249360530588447e+00 1.116566831460828446e+01 3.140572268566168557e+00
5.997374414034854162e+00 9.649570854464472047e-01 3.127532790127608653e+00
-8.685762243341624611e+00 6.966819956266531833e+00 2.768282265710320544e+00
-2.897910089403332723e+00 1.350654820039290627e+01 7.686382242649687058e+00
-1.192720997183607023e+00 1.197720505250014433e+01 7.914191710942388269e+00
-6.583422821346421649e+00 7.644899694353810560e+00 -7.924451642815156127e+00
8.864539988866848574e+00 1.272349328176557570e+01 -7.851211123973844686e+00
-9.307537153230700966e+00 3.350107874773375904e+00 -2.786322543879275138e+00
-3.371907373106053374e+00 1.540170652149693176e+01 -1.012759918979823048e+01
-7.456226106973963930e+00 6.123663646094957613e+00 -6.920489925469230030e+00
-9.376499174070987763e+00 1.610503379701690108e+01 3.805248905361322542e-01
-2.515259796920620960e+00 6.783146607559110919e+00 7.770079034792943595e+00
5.307150199850537042e+00 1.190885756924018768e+00 -2.459257831869580802e+00
5.163686494755639345e+00 2.867607741035238522e+00 4.768748340087203275e+00
1.124663443960697862e+01 1.051892870323503004e+01 -4.659385380863832360e+00
3.855280036226204632e-01 2.043682718475245252e+01 -1.102379304411279826e+01
1.215015579135084423e+01 1.516132967763082462e+01 -2.349950901589940244e+00
8.556087259259042455e+00 9.221488279255067866e+00 1.037446060575801887e+01
4.332481274216008593e+00 1.925409286152891397e+01 -1.052942905476501601e+01
-5.038094894176667893e-01 5.156064791831782124e+00 7.901610550321253257e+00
-7.922223725122773397e-01 3.705425948364530875e+00 -1.089421547909400978e+01
6.320835073076145783e+00 5.020195026729942001e+00 1.704149340291415182e+00
9.084244537872877556e-01 1.129336839316676411e+01 -4.813939472721559198e+00
-8.473368541383717201e+00 1.221203264999214433e+01 3.213563435520529588e+00
-1.346028537992637608e-01 2.537014545562773282e+00 7.869932397339905350e+00
6.306801382648808740e+00 4.457035726686028321e-01 1.819801059717281788e+00
1.454607689895291101e+00 4.471226560205432854e+00 7.523675583067342743e+00
-9.346302884843609604e+00 6.726860121390457081e+00 -2.569475696238303630e+00
8.392648121312817011e+00 1.189096291257380678e+01 1.052840636598912738e+01
-7.088572015384728253e+00 1.000664161450461442e+00 -7.376043762977522178e+00
6.315246407331215117e+00 1.487547302559686813e+01 2.287219723768901536e-01
-6.389558924970253351e+00 9.182224745232222318e+00 5.876743626994289649e+00
-6.643476745316203136e+00 1.117851923600164454e+01 5.648473610664430211e+00
7.407043700628867730e-03 1.141770030237739153e+00 7.853034933277319496e+00
9.977494506639711602e+00 9.108101873568996698e-01 -6.630673435856072828e+00
8.704842610657038904e+00 1.103570742999434273e+01 1.022975362947554423e+01
7.373317088502502337e+00 1.125664464609178239e+00 1.138297966471540157e+01
6.229084690569809624e+00 1.058631975070170128e+01 2.284062735763769059e+00
2.498752847603588290e+00 8.516579485442218100e+00 1.373166881307562370e+01
-3.994506818635612522e+00 1.705542273778407392e+01 7.335546660236962779e+00
1.810758835746308915e+00 9.146360694941806369e-01 1.389000201968693204e+01
5.851560868940949511e+00 1.551343354947760211e+01 -1.479095844476514099e+00
-7.659760657865008149e+00 1.632755756562623972e+01 4.516235492737341595e+00
6.042478369802200433e+00 1.386412959637467068e+01 2.992911967395597728e+00
6.661965161170872562e+00 2.967178747195268418e+00 -9.504666124802144012e+00
1.259804274394565482e+01 1.801733494469949903e+01 1.442999712215988994e+00
-6.042562306127688743e+00 4.773486186678224108e-01 -8.432261731802716653e+00
2.405615220709678148e-01 1.157077988461810492e+01 7.819527666353405237e+00
-9.213221411698944152e+00 1.068389744134957020e+01 1.217813050040974510e+00
2.638831224892333349e+00 1.526169960428030237e+01 -4.527197060214721347e+00
-1.579342596433194468e-01 4.222311567752627504e+00 -1.098005575622123864e+01
6.048047664594773387e+00 1.419693759756658835e+01 2.975603224340950259e+00
-9.129150232682331279e+00 4.694671484083746016e+00 -3.552068032350645055e+00
1.258269301457790057e+01 1.480851547821482939e+01 2.324114032643418426e-01
6.829325363498213619e+00 4.364513032011610782e+00 -9.405751223834496244e+00
-8.748391663629334403e+00 1.727410793736196837e+01 2.623834461862569523e+00
-9.452184379109667134e+00 2.371760377198656400e+00 -3.059467524748805678e-01
6.131429330939001332e+00 2.096538100385331305e+01 2.694002624927955392e+00
3.073678271860392552e+00 1.307414083564906093e+01 1.357069997755544755e+01
3.960026572549750767e+00 1.515607042386330150e+01 6.107203531713655487e+00
5.680773365587995727e+00 1.987539554866486924e+01 -1.837043811580169717e+00
4.762172916047267890e+00 1.235685722022755328e+01 -1.038574658077783397e+01
8.240569835851996316e+00 7.113259068032311561e+00 1.066711966363221542e+01
1.076892648106601236e+01 1.798514846752529550e+01 -5.503859025107111336e+00
3.463383297296865226e+00 2.890280667900154477e+00 -4.152844571916058491e+00
-8.382516104802494539e+00 1.356561666035438485e+00 -5.456097648966099278e+00
6.170726973264081039e+00 3.031486063751687166e-02 2.542595372999683523e+00
6.334334948845658175e+00 4.241413163343223047e+00 4.075036112219687090e-01
8.919128677430947505e+00 1.552965405968149781e+01 -7.798815500764226805e+00
-3.381035337538241592e+00 7.137350466986435826e+00 7.552642290306812889e+00
1.215601288248109313e+01 7.419822317372189779e+00 4.346690825105619105e+00
8.488871729026943314e+00 1.083618424540151004e+01 -8.194306373090118001e+00
-9.291216093775133800e+00 2.960180575652499702e+00 -2.869962647396707478e+00
6.291120702867727843e+00 9.150402100478130407e+00 5.123621811466096132e-02
5.287787382103034339e+00 5.934365013007878886e+00 -2.487187199684171457e+00
6.175098314847532244e+00 1.707159323738318690e+01 -9.771501376780580728e+00
-5.410471277140107560e+00 1.625653878097426031e+01 6.607577386275118592e+00
-7.497445974641452793e+00 1.466552859628965244e+01 4.725491723141000300e+00
2.182333954802835319e+00 1.570192048004473762e+01 -1.097699273148499444e+01
-9.473103047449068725e+00 1.553867374587905470e+00 -7.128442963168931668e-01
-1.548269421345150221e+00 8.996699819716466706e+00 -1.074140968778782224e+01
6.030325868076092277e+00 3.496042859547389803e+00 -1.018916279417751536e+00
6.029280823529743927e+00 1.324651159914276910e+01 -1.021969989595579609e+00
1.893098766864907301e+00 1.823659276723521927e+01 1.387297529959089637e+01
1.129171768609962889e+01 4.637446308904455972e-01 -4.570771251474609720e+00
-9.053362800016754974e+00 1.124592689705878890e+01 1.793182842888620954e+00
-7.009566954949380424e+00 7.957034933641024210e+00 5.285085708821107175e+00
3.673603778931826547e+00 1.529577721977421056e+01 -1.071357634587244156e+01
-2.037271553434747418e+00 1.317391371069711603e+01 7.847848435992776928e+00
1.050132327689179412e+01 3.194204307184686620e+00 -5.916435812374292169e+00
6.321395074288458815e+00 1.939514785747852699e+01 1.699142153881255224e+00
1.259825619603052971e+01 4.835736789374465161e+00 5.572582304007859255e-01
4.490824094897469365e+00 3.004590345606260815e+00 -3.403272602951431747e+00
-9.456712297066758310e+00 1.854265701798492572e+01 -1.619553400963436696e+00
-8.106998396492310022e+00 2.528538550697752019e-01 -5.953476228333896891e+00
5.090869680524775731e+00 6.856321361569391648e+00 4.872179979869323496e+00
-8.534618544731593204e+00 3.875305584721393970e+00 3.091421290689745138e+00
7.613512299730820665e+00 7.333944030649950818e+00 -8.888993186128795188e+00
1.543101167972883991e-01 1.222553875118786948e+01 1.412540023529954247e+01
-4.288825223990332169e+00 1.265853399006806157e+00 7.211558459177467739e+00
1.247755030491085648e+01 1.015545260286474161e+01 2.794810692262818197e+00
5.212341131008255246e+00 9.823430678461562593e+00 -1.021436792493127932e+01
-7.999797384686544000e+00 3.181782443234793423e+00 -6.130443194301124166e+00
5.470885031153533085e+00 2.028386008758947767e+01 4.281800768835940296e+00
4.647138898934150220e+00 7.625498550535222186e+00 5.428551365077447954e+00
7.548486941723794308e-01 1.087112128986507464e+01 -4.809198257462902859e+00
5.618493137133762971e+00 1.406615644025258227e+01 4.010723193232660577e+00
-8.553285649375396815e+00 1.825883034246515990e+01 -5.109609704987355450e+00
7.178881926569465222e+00 5.604536066165985986e+00 1.152757548875495353e+01
-9.132405667114773529e-01 1.295405204050318027e+01 7.916333161953779118e+00
7.311777644142091193e-01 1.098597846879308193e+01 -4.808028099369135333e+00
-9.391453936469789099e+00 1.953521935954803013e+01 -2.270287144939784785e+00
-9.458995511667861678e+00 5.147156539033294287e+00 -4.064943319360047047e-01
3.083077284138356688e+00 2.561635885420948888e+00 -1.084279854099240481e+01
6.192862459773549766e+00 1.936343668439155863e+01 2.450105193055238217e+00
-2.357987833760595731e+00 6.080235819624274285e+00 7.798918881142289372e+00
-8.718437862834242935e+00 2.980818661492248722e+00 2.693777222710683983e+00
5.342331060421154909e+00 1.951715863646095883e+01 -2.407595204653260268e+00
-1.870460922429933726e-01 1.522169490721961260e+01 7.875506633986698368e+00
5.531849340669809934e+00 1.759699662084106464e+01 4.173336694281114312e+00
-6.582763894506935110e+00 7.228704409561775179e+00 5.704718356424575809e+00
6.027739138547496545e+00 3.726429550136899360e-01 -1.026465229036249704e+00
1.217953412664823709e+01 7.972821533535765504e+00 4.259181855660555627e+00
-8.108920719444169478e+00 1.894401976205612126e+00 -5.950226222742071691e+00
6.355186442547847925e+00 1.138306145196435359e+01 1.260509885263133789e+00
1.026842920727221298e+01 1.543336819952286554e+01 8.374734361761944967e+00
1.260592746547946064e+01 3.349822069944850433e+00 1.006717653251190336e+00
-7.040472885244016155e+00 1.333565703391006885e+00 -7.431840403466845046e+00
7.964282716335900680e+00 1.390452636085468185e+01 -8.626856329274330548e+00
5.249758831936914838e+00 1.062760217316771261e+01 -2.541037417819393962e+00
4.303300491126900162e+00 2.062676063699467477e+01 -3.569095320912001768e+00
-3.220088904980664246e+00 1.307635236608739859e+01 -1.019304997369862775e+01
1.092932491500799763e+01 8.135301017060244888e+00 -5.237536969531050524e+00
6.080189240122484406e+00 1.025036127476467485e+01 2.872366505080614196e+00
1.051470613267891707e+01 3.055190999224228321e+00 8.008603559831872332e+00
-6.356567576694390764e-01 2.436744862643112963e+00 7.908679603745005338e+00
3.498384247167914296e+00 7.449616573022514565e+00 -4.132988231932111844e+00
5.721954958753437737e+00 1.087449075668702925e+01 1.245503161237964029e+01
4.131468121623331768e+00 2.162834375330785264e+00 1.320255692757654842e+01
3.051983604517837900e+00 1.166481745975746165e+01 -4.361147327836063070e+00
1.762938645278460337e+00 1.516383973623504389e+01 1.389965367834838261e+01
8.516708223000238220e+00 3.673162193169127399e+00 -8.169888242513763998e+00
-2.287833579093335068e+00 9.852950437315399768e+00 7.810750937221956569e+00
6.597791638852746887e-01 6.318451980054590855e+00 -4.803783491925997851e+00
4.635477134721096348e+00 8.129836645189651989e-01 5.441714231562528425e+00
5.051271981546954670e+00 1.920346700677944085e+01 -2.802554544692024141e+00
1.072712410717244680e+01 1.910666444354778548e+01 7.669963595360238529e+00
-7.679854077260734435e+00 1.264797547988541737e+01 -6.614700397122591724e+00
1.057544505780356303e+01 5.278138153502077934e+00 -5.805806201557464519e+00
-9.466713474770244829e+00 1.468596705353791521e+01 -1.442643045984320471e+00
3.703096154615467483e+00 3.492046859846142048e+00 6.318728220409419727e+00
-9.242919102707324086e+00 1.011618029497178739e+01 -3.097526395506578822e+00
7.003590828234829146e-01 1.199345518940860167e+01 -1.103674731106472606e+01
-3.088589833661042228e+00 1.558653275530698323e+01 -1.024750080830180465e+01
-1.128921711304268438e+00 1.661227142939436874e+01 7.915548463210861030e+00
-4.529176848166731162e+00 6.080975514595448495e+00 -9.530474383334929911e+00
5.668638892670464280e+00 1.613728411014330177e+00 -1.860298370277299940e+00
2.305004921755627656e+00 9.608031830768984927e-01 -4.632316058969368378e+00
8.806314856648338463e+00 1.134222735070000931e+00 -7.906362930567706115e+00
1.005454748254759068e+01 1.157805978733969710e+01 -6.532328026525193287e+00
5.690062190894082939e+00 7.201969691616028513e+00 3.867851108836141805e+00
3.281515656675672576e-01 1.481635517999615814e+01 -4.769803740616448628e+00
5.894355961760999740e+00 1.697499992368774713e+01 -1.378610735484103511e+00
-9.471645833268384607e+00 1.785167876706581680e+01 -1.321912647799724283e+00
1.209437242478900920e+01 2.074655328520739062e+01 4.565227803926894090e+00
-9.238098399500710656e+00 4.460640406725419282e+00 -3.118857263499398069e+00
-8.321163559759058970e+00 2.081151650678411968e+01 -5.572811077520391621e+00
-9.375054515776055197e+00 1.194527743123614272e+01 3.902648417050564311e-01
9.319213590797200908e+00 2.036378077404280162e+01 9.580801026836283540e+00
2.861313428560678496e+00 3.525028305692401887e+00 -1.088281213914582324e+01
5.197689908911725887e+00 1.138500569770437032e+01 -2.612706860493558825e+00
-9.404410454471864966e+00 1.849140104873360713e+01 -2.170256953842867098e+00
6.186382351787072409e+00 5.702625477415244504e+00 2.477798984779880254e+00
5.387896088801377381e+00 1.206126231878622335e+01 4.422480024211766114e+00
-7.372402574887596316e+00 5.049703949823786786e+00 -7.029180124268152419e+00
9.973652228206423942e+00 4.399825676709737898e+00 -6.635522399346457156e+00
2.260402354438283190e+00 7.169564530356604237e+00 -1.096831833649049415e+01
1.252538014322478688e+01 6.294136398624289086e+00 -4.238037371492243688e-01
-6.366244334566771579e-02 2.851276601618858209e+00 7.861821373501429733e+00
4.250856372782070736e+00 3.743546314729203406e+00 -3.612839354460032126e+00
6.943779604511582271e+00 1.471715143151547345e+01 1.169535739021540266e+01
1.105755546407403678e+01 9.403253961977116049e+00 7.092458919181553689e+00
-8.730618023362476166e+00 1.173278323651146060e+01 -4.708546605140344177e+00
-7.659229610103970742e+00 1.214118003168555937e+01 -6.643931479440531085e+00
-4.536822264905642776e-01 2.050695667328480631e+00 -1.094474695852539980e+01
5.543527854275604128e+00 1.911816314056457955e+01 -2.086521086784304035e+00
1.233970028414490905e+01 5.053623845656480817e+00 -1.573119134348858861e+00
1.787840022471913204e-01 6.358990419367565039e+00 -4.746670553551592953e+00
-6.454101311277017361e-01 5.189463621930362258e+00 -1.091746501078868548e+01
5.049243620344026517e+00 1.828301716525724707e+00 -2.805071923464979466e+00
6.035391569114771926e+00 8.442399269867333800e+00 3.014706540841899596e+00
1.109907445738291365e+01 1.538478465411741780e+01 7.014801595093667963e+00
6.359030945302713178e+00 1.822895528610363769e+01 1.146713071356492364e+00
1.832190557320930280e+00 7.720466910016539508e+00 -4.739455309120318205e+00
-9.476359074607495714e+00 3.169859594645544343e-01 -8.614278608812460103e-01
-9.256822820503803229e+00 1.536253417756387485e+01 -3.034707170850444502e+00
6.979840022945768219e+00 1.562943809617764046e+01 -9.313508624115854673e+00
2.350496900486707563e+00 1.032107647897938563e+01 -4.619458574995466194e+00
-5.947720163583417374e+00 3.357022931549752398e-01 6.233661672244578789e+00
-4.458595653487243737e+00 1.222864506934418749e+01 -9.572230382850893449e+00
1.173776654934865160e+00 4.269819293904548729e+00 7.610986976652045932e+00
-9.247709475699075199e+00 4.557673379902231758e+00 1.070813617629965409e+00
-8.547927631612919797e+00 1.104108514844261535e+01 3.064256599720626362e+00
7.125760214981373686e+00 1.346016857124757493e+01 1.156615015547599867e+01
-8.899193932163152354e+00 1.810390900885009202e+01 -4.274569493846201773e+00
-9.449177633118797104e+00 1.652726826449902831e+01 -2.659973588058067162e-01
1.196263886181024283e+01 1.894496462825937400e+01 4.989651148720846585e+00
4.227032951397116989e+00 1.166030587621073522e+01 5.864942991048656573e+00
2.195412864317606516e+00 8.426780778841022723e+00 -1.097557830921183708e+01
4.360341297285429185e+00 1.698722829200098872e+01 5.734380455533396592e+00
-8.907486248668437412e+00 2.997713154878369757e+00 -4.251538304960797099e+00
1.237465672404948158e+01 1.565245863480170385e+01 -1.400604144417887831e+00
5.502065233391726373e+00 1.566557553533782254e+01 1.257354901381906664e+01
-8.575649278852353063e+00 2.050689575248200214e+01 -5.061582644531884334e+00
-6.039480010096203166e+00 1.547337578657656110e+01 6.163451625060742955e+00
3.195074908970159111e+00 1.213960329355407275e+01 -1.082083693730734453e+01
5.152793866843196291e+00 7.340297139865960219e+00 4.784476644915384824e+00
-8.010744004529774642e+00 2.070773243370781280e+00 -6.112745425825734102e+00
1.243414958706181039e+01 1.472987561018473279e+01 -1.072568690792231383e+00
1.699501386847690254e+00 3.822799304139351761e+00 -1.101831363350662940e+01
-9.032508802129791903e+00 8.003172380634783423e+00 1.858912063792045544e+00
-2.504462876297344209e+00 1.536875114144518939e+00 7.772161662672925964e+00
4.777702564645432304e+00 7.953871889009606733e+00 5.276523626394907573e+00
4.493685924879659233e+00 1.498958830745258908e+01 -3.400622460122593615e+00
-8.195512344981139563e+00 9.498461151130708657e+00 -5.800837601008177025e+00
-9.461540076638197405e+00 2.671154318708107933e+00 -4.488300530395870624e-01
5.394599683601003726e+00 9.073976731891100656e+00 -2.328550097990885526e+00
4.483210294107803584e+00 1.945587389981545101e+01 -3.410305072437212370e+00
5.015836986036233291e+00 4.461312785601982966e+00 4.974748968627431545e+00
-3.348052015156161243e+00 1.798727082157529367e+01 7.562792624279509823e+00
3.094134566048595492e+00 1.301520281036656890e+01 6.748591828453129438e+00
3.373570635046801769e+00 1.095602543992213995e+01 -4.202215261602627372e+00
1.259242233481101003e+01 1.176643539625340651e+01 4.137918623440959287e-01
2.059657107153669564e+00 3.834291924016458797e+00 -4.693881962519649065e+00
9.535424468520988128e+00 1.407276519471059473e+01 -7.156947070558227431e+00
8.238339231012979269e+00 8.911064729177310184e+00 -8.407263333986078280e+00
-8.535664702437298246e+00 1.596237118494408236e+01 -5.146986055942090132e+00
-8.895679727885653421e+00 1.642567058689423476e+01 -4.284275909420879991e+00
-1.182137654377038716e-01 1.053492576593392727e+01 7.868116911841152472e+00
-1.380665607520447979e+00 1.190366641266929193e+01 7.907214387282039958e+00
8.480448089256810817e+00 1.953476026882809791e+01 -8.201665071587006750e+00
4.943791203047532612e+00 5.330975452830622352e+00 -2.932055219406251467e+00
5.007007297204177476e+00 8.924998440555670598e+00 -1.029524076055880322e+01
-8.974945453284840724e+00 6.102596875186448777e+00 -4.057045456797676586e+00
9.107325460287468033e+00 1.952541039225788921e+01 9.814548040829830455e+00
9.649618760490325187e+00 1.552038630786231543e+01 -7.026814795991093376e+00
5.864104506116538218e+00 1.697729446964737221e+01 3.479518291547087916e+00
-4.909105870224438894e-01 1.110935160592947391e+01 -1.093972117543504474e+01
-4.735089867840153843e+00 1.494893977951551101e+01 -9.404334190224039602e+00
-3.818747980109232110e+00 8.994767978334534675e+00 7.403337444043737392e+00
6.346388460004749987e+00 1.385580598897233173e+01 5.578288939921519640e-01
5.508071952836687046e+00 2.061084109085801330e+01 -2.146591807745373615e+00
6.357575286914610047e+00 1.018311850806918351e+01 1.197207485027674156e+00
7.520510636049176689e+00 1.470684624013116348e+01 -8.955126018936763188e+00
1.105569706779419903e+01 2.026977726464811624e+01 7.095905710010201872e+00
-9.524668633580126720e-01 1.505765584605080321e+01 7.916627480091737112e+00
-9.026293296712257330e+00 1.707302139593339163e+01 -3.899412413530144228e+00
-1.130507457482188727e+00 1.396364583412381144e+01 7.915520958317266320e+00
-6.165532530113622123e+00 3.545834475271992137e+00 -8.323130271648974343e+00
4.913202336658104130e+00 1.649161137553172907e+01 -2.967520917896207422e+00
3.496838152898308127e+00 1.213714930191043884e+01 -4.133872735809912768e+00
2.698550424060609298e+00 1.132736027821229108e+01 -4.505713760825914349e+00
1.230383409637163261e+01 1.521338027726538300e+01 3.748138864513936852e+00
-6.439630281565505321e+00 7.409016004872930328e-01 -8.066737290069298183e+00
5.674748623976379136e+00 1.228604453663125007e+01 3.899133698093222300e+00
-4.455623616104001705e+00 5.387682584585330225e+00 -9.573972376703599352e+00
2.119005225413002513e+00 1.936093158289534344e+01 1.382359481628563458e+01
1.170878425093201258e+01 8.711306924036751553e+00 5.691609708982698024e+00
5.874759400905889883e+00 6.245555374360905354e+00 3.453435664031843100e+00
6.876526801143474366e+00 1.751346432392611874e+01 1.174197865739556867e+01
-8.284961869610524943e+00 8.848119262422567743e+00 -5.639966519391313327e+00
-2.163794881593350539e+00 2.203057164962869408e+00 7.830121030459643805e+00
-2.146876742637148450e+00 1.629148577192596647e+01 7.832610016524894192e+00
2.272504731440553538e+00 5.745862816481066560e+00 7.197957842440633414e+00
-1.413255752762842432e+00 2.108914868150715716e+00 -1.077282710760587747e+01
-8.783487862125037182e+00 2.930709070410620676e+00 -4.578832346214733562e+00
7.304568541131167825e-01 1.585735954890973964e+01 7.725250333183373286e+00
1.405650807529544410e+00 9.087472334654851380e+00 7.539755850024442374e+00
2.392172990201966609e+00 8.061374664255994693e-01 7.140682471289604649e+00
1.152417102054786646e+00 1.054985453887377744e+01 -4.811390624450379683e+00
6.157125190500168266e+00 1.544041840311324965e+00 2.596690075471900894e+00
5.607500388223709997e+00 1.558665078363053169e+01 -1.973790027315238449e+00
3.784605949604784580e+00 1.365005043337721657e+00 6.253754817187961557e+00
9.902409503275466651e-01 1.307454103785135757e+01 -1.104070653687235648e+01
-4.425085831020470373e+00 1.463867711111280201e+01 -9.591795798409387785e+00
-9.158469000689978046e+00 1.056800431122436379e+01 1.431733598826565368e+00
-9.269025562700420551e+00 1.110711909789076302e+01 9.741014487591009852e-01
-1.898864229694894323e-01 1.592239319895268856e+01 -1.097663455136574484e+01
8.125589434242391107e+00 5.651469275472126519e+00 1.076921149377719011e+01
6.065229993003759645e+00 1.606089808275049791e+01 2.921150231362272365e+00
-6.919950245467775929e+00 9.493515170433552974e-02 -7.568156558015115998e+00
8.955384423076081291e+00 1.429178092357619256e+01 -7.763642140269642944e+00
6.332036906215027017e+00 1.410351033383430774e+01 3.831200676115926740e-01
2.898465730381168282e+00 4.403902115086435920e+00 1.362258501630255481e+01
-9.189843413533155925e+00 2.842820425483806090e+00 1.311775115913901502e+00
2.660545477871548492e+00 1.348875509201007006e+01 -4.519481546687512896e+00
1.257693831274516860e+01 8.088377939375456904e+00 1.431629578494422739e-01
6.189929607315884041e+00 3.746866370083872688e+00 2.462705997723704243e+00
6.325315739837386708e+00 1.385190936466505640e+01 3.169504711813040387e-01
6.163919327176977880e+00 1.637203958137506987e+01 -5.729849942340771163e-01
-9.040576050459915081e+00 1.553380203655715874e+01 -3.853885409099093273e+00
-3.288486471339626682e+00 1.775540990421841769e+01 7.580740076047085552e+00
5.815823202764184074e+00 2.137968875219647735e+00 -1.559305481552316186e+00
-9.253996908277182243e+00 1.230781700399619538e+01 1.042793663175629160e+00
4.720795671020805884e+00 2.048586670860748526e+01 -3.177779422569379175e+00
-9.432445550514669819e+00 3.283565972576365066e+00 -1.917070674073642289e+00
-5.744991026258963629e+00 9.306068936185155849e+00 6.382000201713500687e+00
5.377190305725299879e+00 3.825110001161941664e+00 -2.355191671861291081e+00
1.127858390545181955e+01 1.353205768507894291e+01 -4.596772591190473989e+00
5.274176744145353091e+00 7.871825650819173070e+00 -2.506611161023723167e+00
1.533572636002308753e+00 6.684173574314121735e-01 -1.102763087619246996e+01
5.347246956058494538e-01 1.539915075896901131e+00 -4.793745005671010695e+00
3.817613769303139115e+00 1.519471428168400529e+01 -1.067698148182369344e+01
8.942882398589940607e+00 1.580739583376769275e+01 -7.775804956583653116e+00
3.937580564175543252e+00 1.049802347454613649e-01 1.327729289852578631e+01
1.254359117628627907e+01 1.207294891794296632e+01 -2.536138116284257227e-01
2.393149878727434565e+00 1.211933919127576154e+01 1.375836553218855407e+01
-7.485765376854767617e+00 1.622491026215559629e+01 4.740060558436311133e+00
3.433570945296163579e+00 1.414603888749486593e+01 -4.169483153157347743e+00
3.680270826726450561e+00 1.271704433095523079e+01 -4.024046299535208426e+00
-8.953015671929849262e+00 6.892392863925381086e+00 -4.121733097214341335e+00
2.513950300361231793e+00 4.921509449648118206e+00 -1.093629705659164841e+01
4.899142979047613089e+00 1.334027608849062929e+01 5.126874630345010786e+00
6.533159209970088810e+00 8.629961389619881018e+00 -9.578241282975058724e+00
2.082666648256483288e+00 1.642485248660634056e+01 -4.688659925254802019e+00
1.260579086697720363e+01 1.739002242553226552e+01 9.373881079417061279e-01
6.589303085024719175e-01 3.970883677698219039e+00 7.741071098807976725e+00
2.913043937287588925e+00 3.995704392477824385e+00 -1.087388921146666299e+01
-8.922981002058484989e+00 1.967717244430749091e+01 -4.208012154610087485e+00
-9.358838240813827980e+00 1.870966558531003798e+01 -2.492505910985953310e+00
6.360271082449012070e+00 1.407824575277772539e+01 8.916037848632875074e-01
1.092817051019850894e+01 7.901109855139770488e+00 7.326756473140997095e+00
1.883777660237165641e+00 3.405347161525418276e-02 -4.730077828811278806e+00
6.096758329392134357e+00 1.079550662436185604e+01 -8.126310121849819046e-01
1.134163390103447000e+01 1.002951562101173977e+01 -4.470507096809506642e+00
6.316629325524108829e+00 7.383294369606851149e+00 1.740686289002400411e+00
1.226954854391198957e+01 1.860982088645561205e+01 -1.886846435010890222e+00
5.095599139214473716e+00 2.338957100235677711e+00 4.865581785302448559e+00
-7.729794454666139014e-02 8.702428319217746733e+00 -1.098826793872489738e+01
-8.350313708738212881e+00 1.112644644677456895e+01 -5.517825057113630471e+00
-3.767518223512544839e+00 7.158348854577224252e+00 7.422237975672040911e+00
1.107454926134500184e+01 9.767068295742664219e+00 7.060825282476772102e+00
-9.380891882038625340e+00 5.145695800725913926e+00 -2.346309702768418326e+00
4.560759575155580947e+00 6.231203315685767130e+00 -3.337425042889660798e+00
3.081086478955072927e-01 1.570275977963082426e+01 -4.766986300030026769e+00
4.483648338817179280e+00 8.739906305303671630e+00 1.305810433941541859e+01
-8.307882506819261437e+00 2.052107961107433542e+00 -5.597591065040736780e+00
1.867135012078142420e-01 9.950674241948760823e+00 -4.748023411430722263e+00
3.188265317711356683e+00 1.119113542862526778e+01 6.688072643005912532e+00
-6.700089022788515258e+00 1.084299342900338559e+01 -7.804773602898007034e+00
2.709310733380162706e+00 1.434188103609103493e+01 -1.090759092922682427e+01
5.241420240794631091e+00 7.991260853151999299e+00 -2.552672301554622880e+00
5.217996128615019380e+00 1.941955216872368695e+01 -1.021207551828282689e+01
-4.498137667557598363e+00 1.254939797073270302e+00 -9.548928852680873547e+00
1.251009684375458164e+01 5.640821727542672193e+00 2.550887914114012833e+00
3.006621846035244072e+00 3.206095883273365033e+00 -4.381413030576113421e+00
4.263555245587459908e+00 8.280648011412612419e+00 -3.602348150769752344e+00
1.211979974200958843e+01 5.145472689569291269e+00 -2.457050221181539040e+00
5.757556755121778558e+00 1.223975074669945151e-01 -1.683684218075053973e+00
5.497213521149393323e-01 1.765993762049566840e+01 -1.103167613747346110e+01
4.587388946657863009e+00 5.111191333457980601e-01 1.301336587916702747e+01
-7.279719785741206595e-01 1.034435075100472012e+01 -1.090464325559480052e+01
8.020205470914552048e-01 1.792073562283407284e+01 7.708704540671717176e+00
4.978011156362164513e+00 4.293556594848714214e-01 -1.030629333792415991e+01
2.273714108215354190e-01 1.815733306136377223e+01 -4.754739193027775812e+00
-8.298318461697066439e+00 5.751502369883082721e+00 3.539421722468265585e+00
9.717462960575059538e-01 4.713893798687453618e+00 -4.814462980075393972e+00
1.041253686335632977e+01 9.359451222184357988e+00 8.163716937778717764e+00
1.129677804759427140e+00 7.925858726656260345e+00 7.623626988906710977e+00
1.198822861154425823e+01 1.484466396243304764e+01 4.911110048330431077e+00
-1.448264701773680052e+00 4.727221583409763284e+00 7.903616807125351862e+00
-6.717007241347484836e+00 3.075934338964460668e+00 5.578889431195596771e+00
4.461757841934185898e+00 1.479658167911252420e+01 1.306741601824350951e+01
-7.961701320325405007e+00 1.915237233688152330e+01 -6.191403057079097216e+00
6.254635482576601291e+00 2.081013920573365894e+01 -1.649973145832227817e-01
1.228979190777829800e+01 8.513621524884189995e+00 -1.800144311074171499e+00
6.351372929380088905e+00 6.969921885873917589e+00 6.386457777881086040e-01
3.811872079887546061e+00 1.313341764344401774e+01 1.332396986439247399e+01
4.590098704575947153e+00 1.833411807054752529e+01 -3.309112652514850428e+00
-8.731267489386992153e+00 4.605378407778111693e+00 2.664017858546482209e+00
8.335155726600866899e+00 2.068206873727233841e+01 -8.326396465111361778e+00
1.115839634759155530e+01 1.585545311832761151e-01 -4.827818435220967430e+00
-9.179060666833549931e+00 1.636108149686620550e+01 1.353751170228188583e+00
-4.294542323851455179e-01 1.990849999160839801e+01 7.896643330905432911e+00
3.752321767205735181e+00 8.316822258245249344e+00 6.279718759793295746e+00
2.938986345441068626e-01 1.644345896995890044e+01 -4.764935251343922928e+00
4.649973234458680160e+00 1.123544073128100429e+01 -3.250025191908293642e+00
3.271245936667705578e+00 5.600740082534141351e+00 6.633017895167093059e+00
5.846517110977542231e+00 1.604972404623832105e+01 -9.934844682039797092e+00
1.690670292262378693e-01 5.616660224076363228e+00 -4.744993501499024546e+00
7.183194976124255504e+00 1.506284148736023276e+01 -9.183788610920579742e+00
-7.496376358275183449e+00 1.633236056792518909e+01 4.726828456763627173e+00
5.475663724722462433e+00 8.884903223870216138e+00 -2.200103305848412738e+00
-7.215468393733575070e+00 1.938195538398978712e+01 5.060501697958978085e+00
6.360261916381324987e+00 9.616847685418812297e-01 8.910021836476648138e-01
-8.705369769965393800e+00 1.139575909762073280e+01 -4.768694409226817754e+00
3.528229869243853400e+00 1.896616842174281103e+01 1.342424220271752588e+01
2.544737904289644082e+00 5.222928883815316503e+00 7.063812620464420711e+00
-9.347561896526682901e+00 1.001002148725446439e+01 -2.561918929085208241e+00
3.715661303147111294e+00 5.380426463803109627e+00 -4.001693297315219056e+00
6.325719434333095137e+00 1.084249094377004852e+01 1.659214695735278466e+00
-4.713394960328300520e+00 1.357655267691255929e+01 -9.417933195402545365e+00
-8.795964989297617720e+00 1.628483746010381950e+01 2.509278296108462758e+00
3.086939723065365460e+00 5.805262415580298985e+00 6.753134780777164892e+00
-2.888030457505075699e+00 1.845992705248876931e+01 -1.032663018182366876e+01
-3.818549458048476453e+00 1.645962283369152246e+01 7.403411428694480101e+00
5.465613106064350468e+00 6.687927403019608974e-01 -1.010821749369829270e+01
1.207178758139712871e+00 1.466502359409211920e+01 1.399919539634009347e+01
5.934857718242164459e+00 1.621397994959889344e+00 -9.892209748012749770e+00
4.440276349326115479e+00 7.277674008766312319e+00 -3.449472706281035528e+00
6.358045846789415201e+00 1.547957809274407204e+01 7.942777522653496902e-01
-1.204229449275736163e+00 4.850039558067004819e+00 7.913892362654131318e+00
-3.910950532340281338e+00 1.653504310219049600e+01 7.368347279937085048e+00
9.431991484381541113e+00 1.640627044787147781e+01 -7.271589570734420249e+00
7.467662554520149154e-02 1.137565855933956094e+01 -4.727593816733822507e+00
8.120227500437383839e+00 1.633408117214820265e+01 1.077391533823217529e+01
7.860938032938479259e-01 1.507901122256328996e+01 -1.103871229083455674e+01
2.918129150200758026e+00 1.364396615913094024e+00 -1.087299860006469032e+01
2.378882415732574973e+00 1.246669175268777785e+01 -1.095408889480779813e+01
3.819800844183714350e+00 2.526080177878823996e+00 -3.933645076345065217e+00
7.491890972321451514e+00 3.108818265918134927e+00 1.129210449855749587e+01
6.194980700237008087e+00 1.572146050859457134e+00 -4.472945370573963575e-01
-4.202353101581871364e+00 2.469170707896364725e+00 -9.717695461572823490e+00
-4.319343007907258780e+00 1.739308106386882358e+01 7.197933460291613628e+00
1.157967330013381613e+01 8.280426421868856579e+00 -3.956972287949377165e+00
1.748339512874629964e+00 2.019553276985785217e+01 -4.753507686607591154e+00
-1.594010200079256423e+00 9.899141618351182004e+00 7.893900892903094935e+00
-2.147177749773630850e+00 1.578613899078218630e+01 -1.057965035664043008e+01
1.087583071340012708e+01 1.118673752328177251e+01 -5.328095249565395264e+00
5.467658732823966972e+00 2.409741348253918058e+00 4.287414972461106366e+00
4.871195282279497718e+00 1.299426678842098282e-01 -3.015274989516000037e+00
-9.368263654899843473e+00 7.272237447075061034e+00 -2.431871506701791308e+00
3.982705925440216621e+00 1.172089837185716910e+01 -3.820110494730969197e+00
-8.939098611605327704e+00 9.194163153217417062e+00 2.134434574518834449e+00
8.415282446104756175e+00 1.888918437707716080e+01 -8.258117937409274134e+00
-3.084357253156521317e+00 7.289835177006925626e+00 -1.024921933669829244e+01
3.976865174031354755e+00 1.752792214704394169e+01 -3.824336155499122203e+00
7.679807498793752352e+00 9.834619959352469465e+00 1.114374534567070896e+01
3.577583055448673832e+00 3.791948665043023858e+00 6.415119897934740578e+00
-6.147491328262827404e-01 1.353259149140515039e+00 -1.092206160791514868e+01
1.844311146294954851e+00 2.822605596717652432e+00 7.382267892900506112e+00
3.312606534574083383e+00 1.107938754929642577e+01 -4.234456323144772050e+00
-1.377016919666340211e+00 2.472881523024931916e+00 -1.078095003925411710e+01
-9.115637228706837902e+00 5.693380348358292764e+00 -3.600532724835793008e+00
1.002035978705190722e+01 1.093333577938116719e+01 8.718654947811032230e+00
2.584783947034920537e+00 1.493674637296149754e+01 7.042902072135843738e+00
8.179709046983107967e+00 3.459268573597846785e-01 -8.455383865393756082e+00
1.073510665346003101e+01 7.900325662768293178e+00 -5.558087863561538278e+00
2.581886815129993185e+00 1.048937702900735403e+01 -4.546913451139134921e+00
-9.232211533639729240e+00 4.189010821166371912e+00 1.138210310607014053e+00
7.314244017421990485e+00 7.545000601830664344e+00 1.142748386866372101e+01
6.246677669893173857e+00 1.975992891735774393e+01 -2.067582589924874259e-01
1.093772494698682207e+00 1.295116146253580602e+01 7.633707460031468273e+00
-6.787470139056109630e+00 8.961480377559819743e+00 5.510657076934726284e+00
