   0.00000    1.00000
   0.03149    1.00000
   0.06299    1.00000
   0.09448    1.00000
   0.12598    1.00000
   0.15747    1.00000
   0.18897    1.00000
   0.22046    1.00000
   0.25196    1.00000
   0.28345    1.00000
   0.31495    1.00000
   0.34644    1.00000
   0.37794    1.00000
   0.40943    1.00000
   0.44093    1.00000
   0.47242    1.00000
   0.50391    1.00000
   0.53541    1.00000
   0.56690    1.00000
   0.59840    1.00000
   0.62989    1.00000
   0.66139    1.00000
   0.69288    1.00000
   0.72438    1.00000
   0.75587    1.00000
   0.78737    1.00000
   0.81886    1.00000
   0.85036    1.00000
   0.88185    1.00000
   0.91335    1.00000
   0.94484    1.00000
   0.97633    1.00000
   1.00783    1.00000
   1.03932    1.00000
   1.07082    1.00000
   1.10231    1.00000
   1.13381    1.00000
   1.16530    1.00000
   1.19680    1.00000
   1.22829    1.00000
   1.25979    1.00000
   1.29128    1.00000
   1.32278    1.00000
   1.35427    1.00000
   1.38577    1.00000
   1.41726    1.00000
   1.44875    1.00000
   1.48025    1.00000
   1.51174    1.00000
   1.54324    1.00000
   1.57473    1.00000
   1.60623    1.00000
   1.63772    1.00000
   1.66922    1.00000
   1.70071    1.00000
   1.73221    1.00000
   1.76370    1.00000
   1.79520    1.00000
   1.82669    1.00000
   1.85819    1.00000
   1.88968    1.00000
   1.92117    1.00000
   1.95267    1.00000
   1.98416    1.00000
   2.01566    1.00000
   2.04715    1.00000
   2.07865    1.00000
   2.11014    1.00000
   2.14164    1.00000
   2.17313    1.00000
   2.20463    1.00000
   2.23612    1.00000
   2.26762    1.00000
   2.29911    1.00000
   2.33061    1.00000
   2.36210    1.00000
   2.39359    1.00000
   2.42509    1.00000
   2.45658    1.00000
   2.48808    1.00000
   2.51957    1.00000
   2.55107    1.00000
   2.58256    1.00000
   2.61406    1.00000
   2.64555    1.00000
   2.67705    1.00000
   2.70854    1.00000
   2.74004    1.00000
   2.77153    1.00000
   2.80303    1.00000
   2.83452    1.00000
   2.86601    1.00000
   2.89751    1.00000
   2.92900    1.00000
   2.96050    1.00000
   2.99199    1.00000
   3.02349    1.00000
   3.05498    1.00000
   3.08648    1.00000
   3.11797    1.00000
   3.14947    1.00000
   3.18096    1.00000
   3.21246    1.00000
   3.24395    1.00000
   3.27544    1.00000
   3.30694    1.00000
   3.33843    1.00000
   3.36993    1.00000
   3.40142    1.00000
   3.43292    1.00000
   3.46441    1.00000
   3.49591    1.00000
   3.52740    1.00000
   3.55890    1.00000
   3.59039    1.00000
   3.62189    1.00000
   3.65338    1.00000
   3.68488    1.00000
   3.71637    1.00000
   3.74786    1.00000
   3.77936    1.00000
   3.81085    1.00000
   3.84235    1.00000
   3.87384    1.00000
   3.90534    1.00000
   3.93683    1.00000
   3.96833    1.00000
   3.99982    1.00000
   4.03132    1.00000
   4.06281    1.00000
   4.09431    1.00000
   4.12580    1.00000
   4.15730    1.00000
   4.18879    1.00000
   4.22028    1.00000
   4.25178    1.00000
   4.28327    1.00000
   4.31477    1.00000
   4.34626    1.00000
   4.37776    1.00000
   4.40925    1.00000
   4.44075    1.00000
   4.47224    1.00000
   4.50374    1.00000
   4.53523    1.00000
   4.56673    1.00000
   4.59822    1.00000
   4.62972    1.00000
   4.66121    1.00000
   4.69270    1.00000
   4.72420    1.00000
   4.75569    1.00000
   4.78719    1.00000
   4.81868    1.00000
   4.85018    1.00000
   4.88167    1.00000
   4.91317    1.00000
   4.94466    1.00000
   4.97616    1.00000
   5.00765    1.00000
   5.03915    1.00000
   5.07064    1.00000
   5.10214    1.00000
   5.13363    1.00000
   5.16512    1.00000
   5.19662    1.00000
   5.22811    1.00000
   5.25961    1.00000
   5.29110    1.00000
   5.32260    1.00000
   5.35409    1.00000
   5.38559    1.00000
   5.41708    1.00000
   5.44858    1.00000
   5.48007    1.00000
   5.51157    1.00000
   5.54306    1.00000
   5.57456    1.00000
   5.60605    1.00000
   5.63754    1.00000
   5.66904    1.00000
   5.70053    1.00000
   5.73203    1.00000
   5.76352    1.00000
   5.79502    1.00000
   5.82651    1.00000
   5.85801    1.00000
   5.88950    1.00000
   5.92100    1.00000
   5.95249    1.00000
   5.98399    1.00000
   6.01548    1.00000
   6.04698    1.00000
   6.07847    1.00000
   6.10996    1.00000
   6.14146    1.00000
   6.17295    1.00000
   6.20445    1.00000
   6.23594    1.00000
   6.26744    1.00000
   6.29893    1.00000
   6.33043    1.00000
   6.36192    1.00000
   6.39342    1.00000
   6.42491    1.00000
   6.45641    1.00000
   6.48790    1.00000
   6.51940    1.00000
   6.55089    1.00000
   6.58238    1.00000
   6.61388    1.00000
   6.64537    1.00000
   6.67687    1.00000
   6.70836    1.00000
   6.73986    1.00000
   6.77135    1.00000
   6.80285    1.00000
   6.83434    1.00000
   6.86584    1.00000
   6.89733    1.00000
   6.92883    1.00000
   6.96032    1.00000
   6.99182    1.00000
   7.02331    1.00000
   7.05480    1.00000
   7.08630    1.00000
   7.11779    1.00000
   7.14929    1.00000
   7.18078    1.00000
   7.21228    1.00000
   7.24377    1.00000
   7.27527    1.00000
   7.30676    1.00000
   7.33826    1.00000
   7.36975    1.00000
   7.40125    1.00000
   7.43274    1.00000
   7.46424    1.00000
   7.49573    1.00000
   7.52722    1.00000
   7.55872    1.00000
   7.59021    1.00000
   7.62171    1.00000
   7.65320    1.00000
   7.68470    1.00000
   7.71619    1.00000
   7.74769    1.00000
   7.77918    1.00000
   7.81068    1.00000
   7.84217    1.00000
   7.87367    1.00000
   7.90516    1.00000
   7.93666    1.00000
   7.96815    1.00000
   7.99964    1.00000
   8.03114    1.00000
   8.06263    1.00000
   8.09413    1.00000
   8.12562    1.00000
   8.15712    1.00000
   8.18861    1.00000
   8.22011    1.00000
   8.25160    1.00000
   8.28310    1.00000
   8.31459    1.00000
   8.34609    1.00000
   8.37758    1.00000
   8.40908    1.00000
   8.44057    1.00000
   8.47206    1.00000
   8.50356    1.00000
   8.53505    1.00000
   8.56655    1.00000
   8.59804    1.00000
   8.62954    1.00000
   8.66103    1.00000
   8.69253    1.00000
   8.72402    1.00000
   8.75552    1.00000
   8.78701    1.00000
   8.81851    1.00000
   8.85000    1.00000
   8.88150    1.00000
   8.91299    1.00000
   8.94448    1.00000
   8.97598    1.00000
   9.00747    1.00000
   9.03897    1.00000
   9.07046    1.00000
   9.10196    1.00000
   9.13345    1.00000
   9.16495    1.00000
   9.19644    1.00000
   9.22794    1.00000
   9.25943    1.00000
   9.29093    1.00000
   9.32242    1.00000
   9.35391    1.00000
   9.38541    1.00000
   9.41690    1.00000
   9.44840    1.00000
   9.47989    1.00000
   9.51139    1.00000
   9.54288    1.00000
   9.57438    1.00000
   9.60587    1.00000
   9.63737    1.00000
   9.66886    1.00000
   9.70036    1.00000
   9.73185    1.00000
   9.76335    1.00000
   9.79484    1.00000
   9.82633    1.00000
   9.85783    1.00000
   9.88932    1.00000
   9.92082    1.00000
   9.95231    1.00000
   9.98381    1.00000
  10.01530    1.00000
  10.04680    1.00000
  10.07829    1.00000
  10.10979    1.00000
  10.14128    1.00000
  10.17278    1.00000
  10.20427    1.00000
  10.23577    1.00000
  10.26726    1.00000
  10.29875    1.00000
  10.33025    1.00000
  10.36174    1.00000
  10.39324    1.00000
  10.42473    1.00000
  10.45623    1.00000
  10.48772    1.00000
  10.51922    1.00000
  10.55071    1.00000
  10.58221    1.00000
  10.61370    1.00000
  10.64520    1.00000
  10.67669    1.00000
  10.70819    1.00000
  10.73968    1.00000
  10.77117    1.00000
  10.80267    1.00000
  10.83416    1.00000
  10.86566    1.00000
  10.89715    1.00000
  10.92865    1.00000
  10.96014    1.00000
  10.99164    1.00000
  11.02313    1.00000
  11.05463    1.00000
  11.08612    1.00000
  11.11762    1.00000
  11.14911    1.00000
  11.18061    1.00000
  11.21210    1.00000
  11.24359    1.00000
  11.27509    1.00000
  11.30658    1.00000
  11.33808    1.00000
  11.36957    1.00000
  11.40107    1.00000
  11.43256    1.00000
  11.46406    1.00000
  11.49555    1.00000
  11.52705    1.00000
  11.55854    1.00000
  11.59004    1.00000
  11.62153    1.00000
  11.65303    1.00000
  11.68452    1.00000
  11.71601    1.00000
  11.74751    1.00000
  11.77900    1.00000
  11.81050    1.00000
  11.84199    1.00000
  11.87349    1.00000
  11.90498    1.00000
  11.93648    1.00000
  11.96797    1.00000
  11.99947    1.00000
  12.03096    1.00000
  12.06246    1.00000
  12.09395    1.00000
  12.12545    1.00000
  12.15694    1.00000
  12.18843    1.00000
  12.21993    1.00000
  12.25142    1.00000
  12.28292    1.00000
  12.31441    1.00000
  12.34591    1.00000
  12.37740    1.00000
  12.40890    1.00000
  12.44039    1.00000
  12.47189    1.00000
  12.50338    1.00000
  12.53488    1.00000
  12.56637    1.00000
