 -40.41689
 -73.52247
 116.14501
  64.76657
 -72.32455
 -45.63122
  29.41071
 -25.02287
-115.25771
   2.55851
  80.05386
-121.21468
 -70.19086
 111.57169
-104.99218
  16.17917
  28.42351
 -61.30091
 -93.19586
 160.23484
  -4.95070
  40.44947
-134.98966
  75.76831
 -39.94800
  83.98453
 -32.08623
  35.09993
  82.71397
   3.87853
-154.35667
 -61.28624
  26.16457
 174.68643
 -81.61077
  36.62754
  56.10459
  51.22252
 -89.18601
 -13.87540
  27.27371
  28.15928
 -71.51535
 -59.21082
  22.41477
-195.45322
-155.74198
  10.45561
 -90.32012
  45.89110
 168.40705
 -25.00600
  69.44811
   6.90121
 -83.57504
 128.00467
  41.07428
  42.04349
  -1.24457
  23.77239
 -95.38219
  -4.36240
-112.83721
  33.66661
 -18.24548
 -91.16244
  94.35955
-152.69911
 -28.33988
 124.71057
  66.71490
 -87.74251
 -54.24366
 162.19508
 -39.07838
  69.63942
 -88.15753
   6.10716
 163.92037
 -91.75328
  -0.38037
  51.72138
-117.59367
  26.07419
 152.27318
  74.79693
 -30.24210
 -63.55913
 115.75348
 178.59572
 -84.28793
  94.54945
  24.50865
 -42.80485
  11.46579
-197.13921
-175.44619
 -81.97861
 -55.90204
 -17.72693
  50.16195
-150.48521
 -32.76436
 110.34468
  34.97910
   2.23801
-110.60433
 -29.32825
 119.16651
  56.08933
  54.15547
 138.17565
   6.60417
 -96.36859
-113.93886
 -56.98609
  25.75942
 -41.89532
 -43.22635
 -56.60269
 -34.85657
  41.66345
 -11.02268
-118.46114
 114.55197
 -32.83832
 174.34651
  40.12292
   6.56246
-105.26525
  68.44033
 -88.61541
  -3.72016
   0.35583
  77.15522
 -97.03030
 -92.96921
 -51.97995
  13.30754
-150.97710
   5.91124
  20.50768
  59.75523
  29.57003
-103.27817
 133.77417
-161.48484
 -42.17896
   3.24523
  12.26891
 -98.66403
 101.66104
 -50.07110
 120.20573
  24.62278
  79.60139
-108.35540
 -44.47099
 -69.54662
  -4.79267
  34.27048
 -14.96082
  36.27135
-137.47955
  97.23972
  78.38620
-210.69231
 -48.80992
  36.48691
 182.90497
 -16.30210
  38.04882
 -58.34709
-182.16756
 -82.76539
 118.67894
 -46.25724
-122.25234
 -44.94848
-107.53990
 -85.11835
-154.17561
 -17.17643
  17.73948
   1.72132
  72.46048
  29.35773
  65.28520
 -10.14861
 157.30593
 -31.79294
 120.47691
-148.18642
  49.47469
  85.87138
 -28.60130
-104.52671
   4.91509
  -5.72866
  32.15351
  81.91085
-229.61322
 -69.33492
 -51.12679
  37.41601
  17.54497
 -95.76575
  -0.76150
 -33.33401
 130.74618
 -12.49131
 -48.00762
  33.77470
 -20.30679
  84.35120
 -14.72202
  20.62090
  60.79880
 -21.07124
 -87.28201
-130.49117
  44.44362
 103.59648
  11.88521
 -33.41150
 -21.07000
 -97.63881
  -0.07566
 -36.44665
 -84.52700
  42.67883
 -40.19882
 -42.02298
 -41.13528
   2.02918
 -65.01484
   7.94301
-171.67250
 -12.89059
  88.22185
 -64.14073
 -63.47447
  37.54424
 -41.71622
 -81.41510
 -20.36887
 -32.59977
-137.57203
   4.07654
 -14.78555
  29.56924
  49.09271
 135.86933
 -18.00774
 -33.06870
 153.76372
-133.22248
  78.96716
 -80.01965
 -45.65379
-151.53876
  58.90044
 -31.53002
 -71.04849
 110.88431
   3.93918
 164.85854
 140.90123
 -69.71121
  75.30729
-104.40500
 -13.31708
  27.07216
 -92.68677
  63.54267
 -12.17326
 -65.77323
  13.07046
  59.69700
  19.84110
 -82.03746
 101.25019
 -16.45343
  10.58065
 -61.20176
  33.96312
  74.21741
  93.95642
 -53.91432
 -59.75330
 -55.25476
  60.21915
  86.71046
  46.10784
   1.31883
  88.41873
 -67.40735
  15.90834
  24.16581
  17.77547
